SNYC 215 002-²ÊÉ«ÔÆÍ¼2
0 1 2 3 4 5 6 7 8 9

  0	208	241	255	  0
  1	  0	  0	  0	  0
  2	  4	  4	  8	  0
  3	  4	  4	  9	  0
  4	  4	  4	 10	  0
  5	  4	  4	 11	  0
  6	  4	  4	 12	  0
  7	  4	  4	 13	  0
  8	  4	  4	 14	  0
  9	  4	  4	 15	  0
 10	  4	  4	 16	  0
 11	  4	  4	 17	  0
 12	  4	  4	 18	  0
 13	  4	  4	 19	  0
 14	  4	  4	 20	  0
 15	  4	  4	 21	  0
 16	  4	  4	 22	  0
 17	  4	  4	 23	  0
 18	  4	  4	 24	  0
 19	  4	  4	 25	  0
 20	  4	  4	 26	  0
 21	  4	  4	 27	  0
 22	  4	  4	 28	  0
 23	  4	  4	 29	  0
 24	  4	  4	 30	  0
 25	  4	  4	 31	  0
 26	  4	  4	 32	  0
 27	  4	  4	 33	  0
 28	  4	  4	 34	  0
 29	  4	  4	 35	  0
 30	  4	  4	 36	  0
 31	  4	  4	 37	  0
 32	  4	  4	 38	  0
 33	  4	  4	 39	  0
 34	  4	  4	 40	  0
 35	  4	  4	 41	  0
 36	  4	  4	 42	  0
 37	  4	  4	 43	  0
 38	  4	  4	 44	  0
 39	  4	  4	 45	  0
 40	  4	  4	 46	  0
 41	  4	  4	 47	  0
 42	  4	  4	 48	  0
 43	  4	  4	 49	  0
 44	  4	  4	 50	  0
 45	  4	  4	 51	  0
 46	  4	  4	 52	  0
 47	  4	  4	 53	  0
 48	  4	  4	 54	  0
 49	  4	  4	 55	  0
 50	  4	  4	 56	  0
 51	  4	  4	 57	  0
 52	  4	  4	 58	  0
 53	  4	  4	 59	  0
 54	  4	  4	 60	  0
 55	  4	  4	 61	  0
 56	  4	  4	 62	  0
 57	  4	  4	 63	  0
 58	  4	  4	 64	  0
 59	  4	  4	 65	  0
 60	  4	  4	 66	  0
 61	  4	  4	 67	  0
 62	  4	  4	 68	  0
 63	  4	  4	 69	  0
 64	  4	  4	 70	  0
 65	  4	  4	 71	  0
 66	  4	  4	 72	  0
 67	  4	  4	 73	  0
 68	  4	  4	 74	  0
 69	  4	  4	 75	  0
 70	  4	  4	 76	  0
 71	  4	  4	 77	  0
 72	  4	  4	 78	  0
 73	  4	  4	 80	  0
 74	  5	  5	 80	  0
 75	  6	  6	 81	  0
 76	  8	  8	 81	  0
 77	  9	  9	 82	  0
 78	 10	 10	 82	  0
 79	 12	 12	 83	  0
 80	 13	 13	 83	  0
 81	 14	 14	 84	  0
 82	 16	 16	 84	  0
 83	 17	 17	 85	  0
 84	 18	 18	 85	  0
 85	 20	 20	 86	  0
 86	 21	 21	 86	  0
 87	 23	 23	 87	  0
 88	 24	 24	 87	  0
 89	 25	 25	 88	  0
 90	 27	 27	 88	  0
 91	 28	 28	 89	  0
 92	 29	 29	 90	  0
 93	 31	 31	 90	  0
 94	 32	 32	 91	  0
 95	 33	 33	 91	  0
 96	 35	 35	 92	  0
 97	 36	 36	 92	  0
 98	 38	 38	 93	  0
 99	 39	 39	 93	  0
100	 40	 40	 94	  0
101	 42	 42	 94	  0
102	 43	 43	 95	  0
103	 44	 44	 95	  0
104	 46	 46	 96	  0
105	 47	 47	 96	  0
106	 48	 48	 97	  0
107	 50	 50	 97	  0
108	 51	 51	 98	  0
109	 53	 53	 98	  0
110	 54	 54	 99	  0
111	 55	 55	100	  0
112	 57	 57	100	  0
113	 58	 58	101	  0
114	 59	 59	101	  0
115	 61	 61	102	  0
116	 62	 62	102	  0
117	 63	 63	103	  0
118	 65	 65	103	  0
119	 66	 66	104	  0
120	 68	 68	104	  0
121	 69	 69	105	  0
122	 70	 70	105	  0
123	 72	 72	106	  0
124	 73	 73	106	  0
125	 74	 74	107	  0
126	 76	 76	107	  0
127	 77	 77	108	  0
128	 78	 78	109	  0
129	 80	 80	109	  0
130	 81	 81	110	  0
131	 83	 83	110	  0
132	 84	 84	111	  0
133	 85	 85	111	  0
134	 87	 87	112	  0
135	 88	 88	112	  0
136	 89	 89	113	  0
137	 91	 91	113	  0
138	 92	 92	114	  0
139	 93	 93	114	  0
140	 95	 95	115	  0
141	 96	 96	115	  0
142	 98	 98	116	  0
143	 99	 99	116	  0
144	100	100	117	  0
145	102	102	117	  0
146	103	103	118	  0
147	104	104	119	  0
148	106	106	119	  0
149	107	107	120	  0
150	108	108	120	  0
151	110	110	121	  0
152	111	111	121	  0
153	113	113	122	  0
154	114	114	122	  0
155	115	115	123	  0
156	117	117	123	  0
157	118	118	124	  0
158	119	119	124	  0
159	121	121	125	  0
160	122	122	125	  0
161	123	123	126	  0
162	125	125	126	  0
163	126	126	127	  0
164	128	128	128	  0
165	130	130	130	  0
166	132	132	132	  0
167	135	135	135	  0
168	137	137	137	  0
169	139	139	139	  0
170	142	142	142	  0
171	144	144	144	  0
172	146	146	146	  0
173	149	149	149	  0
174	151	151	151	  0
175	153	153	153	  0
176	156	156	156	  0
177	158	158	158	  0
178	160	160	160	  0
179	163	163	163	  0
180	165	165	165	  0
181	167	167	167	  0
182	170	170	170	  0
183	172	172	172	  0
184	175	175	175	  0
185	177	177	177	  0
186	179	179	179	  0
187	182	182	182	  0
188	184	184	184	  0
189	186	186	186	  0
190	189	189	189	  0
191	191	191	191	  0
192	193	193	193	  0
193	196	196	196	  0
194	198	198	198	  0
195	200	200	200	  0
196	203	203	203	  0
197	205	205	205	  0
198	207	207	207	  0
199	210	210	210	  0
200	212	212	212	  0
201	215	215	215	  0
202	217	217	217	  0
203	219	219	219	  0
204	222	222	222	  0
205	224	224	224	  0
206	226	226	226	  0
207	229	229	229	  0
208	231	231	231	  0
209	233	233	233	  0
210	236	236	236	  0
211	238	238	238	  0
212	240	240	240	  0
213	243	243	243	  0
214	245	245	245	  0
215	247	247	247	  0
216	250	250	250	  0
217	252	252	252	  0
218	255	255	255	  0
219	255	252	252	  0
220	255	249	249	  0
221	255	245	245	  0
222	255	242	242	  0
223	255	239	239	  0
224	255	235	235	  0
225	255	232	232	  0
226	255	229	229	  0
227	255	225	225	  0
228	255	222	222	  0
229	255	219	219	  0
230	255	215	215	  0
231	255	212	212	  0
232	255	209	209	  0
233	255	205	205	  0
234	255	202	202	  0
235	255	199	199	  0
236	255	195	195	  0
237	255	192	192	  0
238	255	189	189	  0
239	255	185	185	  0
240	255	182	182	  0
241	255	179	179	  0
242	255	175	175	  0
243	255	172	172	  0
244	255	169	169	  0
245	255	165	165	  0
246	255	162	162	  0
247	255	159	159	  0
248	255	155	155	  0
249	255	152	152	  0
250	255	149	149	  0
251	255	145	145	  0
252	255	142	142	  0
253	255	139	139	  0
254	255	135	135	  0
255	255	132	132	  0
