SNYC 215 008-¿É¼û¹âÔÆÍ¼?
0 1 2 3 4 5 6 7 8 9

  0	208	241	255	  0
  1	  0	  0	  0	  0
  2	215	254	254	  0
  3	215	254	254	  0
  4	215	254	254	  0
  5	215	254	254	  0
  6	215	254	254	  0
  7	215	254	254	  0
  8	215	254	254	  0
  9	215	254	254	  0
 10	215	254	254	  0
 11	215	254	254	  0
 12	152	254	126	  0
 13	152	254	126	  0
 14	152	254	126	  0
 15	152	254	126	  0
 16	152	254	126	  0
 17	152	254	126	  0
 18	152	254	126	  0
 19	152	254	126	  0
 20	152	254	126	  0
 21	152	254	126	  0
 22	152	254	126	  0
 23	152	254	126	  0
 24	228	241	177	  0
 25	228	241	177	  0
 26	228	241	177	  0
 27	228	241	177	  0
 28	228	241	177	  0
 29	228	241	177	  0
 30	228	241	177	  0
 31	228	241	177	  0
 32	228	241	177	  0
 33	228	241	177	  0
 34	228	241	177	  0
 35	228	241	177	  0
 36	241	228	152	  0
 37	241	228	152	  0
 38	241	228	152	  0
 39	241	228	152	  0
 40	241	228	152	  0
 41	241	228	152	  0
 42	241	228	152	  0
 43	241	228	152	  0
 44	241	228	152	  0
 45	241	228	152	  0
 46	241	228	152	  0
 47	241	228	152	  0
 48	241	216	152	  0
 49	241	216	152	  0
 50	241	216	152	  0
 51	241	216	152	  0
 52	241	216	152	  0
 53	241	216	152	  0
 54	241	216	152	  0
 55	241	216	152	  0
 56	241	216	152	  0
 57	241	216	152	  0
 58	241	216	152	  0
 59	241	216	152	  0
 60	241	203	127	  0
 61	241	203	127	  0
 62	241	203	127	  0
 63	241	203	127	  0
 64	241	203	127	  0
 65	241	203	127	  0
 66	241	203	127	  0
 67	241	203	127	  0
 68	241	203	127	  0
 69	241	203	127	  0
 70	241	203	127	  0
 71	241	203	127	  0
 72	241	190	126	  0
 73	241	190	126	  0
 74	241	190	126	  0
 75	241	190	126	  0
 76	241	190	126	  0
 77	241	190	126	  0
 78	241	190	126	  0
 79	241	190	126	  0
 80	241	190	126	  0
 81	241	190	126	  0
 82	241	190	126	  0
 83	241	190	126	  0
 84	241	177	101	  0
 85	241	177	101	  0
 86	241	177	101	  0
 87	241	177	101	  0
 88	241	177	101	  0
 89	241	177	101	  0
 90	241	177	101	  0
 91	241	177	101	  0
 92	241	177	101	  0
 93	241	177	101	  0
 94	241	177	101	  0
 95	241	177	101	  0
 96	241	165	101	  0
 97	241	165	101	  0
 98	241	165	101	  0
 99	241	165	101	  0
100	241	165	101	  0
101	241	165	101	  0
102	241	165	101	  0
103	241	165	101	  0
104	241	165	101	  0
105	241	165	101	  0
106	241	165	101	  0
107	241	165	101	  0
108	241	152	 75	  0
109	241	152	 75	  0
110	241	152	 75	  0
111	241	152	 75	  0
112	241	152	 75	  0
113	241	152	 75	  0
114	241	152	 75	  0
115	241	152	 75	  0
116	241	152	 75	  0
117	241	152	 75	  0
118	241	152	 75	  0
119	241	152	 75	  0
120	241	139	 75	  0
121	241	139	 75	  0
122	241	139	 75	  0
123	241	139	 75	  0
124	241	139	 75	  0
125	241	139	 75	  0
126	241	139	 75	  0
127	241	139	 75	  0
128	241	139	 75	  0
129	241	139	 75	  0
130	241	139	 75	  0
131	241	139	 75	  0
132	241	126	 50	  0
133	241	126	 50	  0
134	241	126	 50	  0
135	241	126	 50	  0
136	241	126	 50	  0
137	241	126	 50	  0
138	241	126	 50	  0
139	241	126	 50	  0
140	241	126	 50	  0
141	241	126	 50	  0
142	241	126	 50	  0
143	241	126	 50	  0
144	241	113	 50	  0
145	241	113	 50	  0
146	241	113	 50	  0
147	241	113	 50	  0
148	241	113	 50	  0
149	241	113	 50	  0
150	241	113	 50	  0
151	241	113	 50	  0
152	241	113	 50	  0
153	241	113	 50	  0
154	241	113	 50	  0
155	241	113	 50	  0
156	241	101	 24	  0
157	241	101	 24	  0
158	241	101	 24	  0
159	241	101	 24	  0
160	241	101	 24	  0
161	241	101	 24	  0
162	241	101	 24	  0
163	241	101	 24	  0
164	241	101	 24	  0
165	241	101	 24	  0
166	241	101	 24	  0
167	241	101	 24	  0
168	241	 88	 24	  0
169	241	 88	 24	  0
170	241	 88	 24	  0
171	241	 88	 24	  0
172	241	 88	 24	  0
173	241	 88	 24	  0
174	241	 88	 24	  0
175	241	 88	 24	  0
176	241	 88	 24	  0
177	241	 88	 24	  0
178	241	 88	 24	  0
179	241	 88	 24	  0
180	241	 75	  0	  0
181	241	 75	  0	  0
182	241	 75	  0	  0
183	241	 75	  0	  0
184	241	 75	  0	  0
185	241	 75	  0	  0
186	241	 75	  0	  0
187	241	 75	  0	  0
188	241	 75	  0	  0
189	241	 75	  0	  0
190	241	 75	  0	  0
191	241	 75	  0	  0
192	241	 63	  0	  0
193	241	 63	  0	  0
194	241	 63	  0	  0
195	241	 63	  0	  0
196	241	 63	  0	  0
197	241	 63	  0	  0
198	241	 63	  0	  0
199	241	 63	  0	  0
200	241	 63	  0	  0
201	241	 63	  0	  0
202	241	 63	  0	  0
203	241	 63	  0	  0
204	228	 50	  0	  0
205	228	 50	  0	  0
206	228	 50	  0	  0
207	228	 50	  0	  0
208	228	 50	  0	  0
209	228	 50	  0	  0
210	228	 50	  0	  0
211	228	 50	  0	  0
212	228	 50	  0	  0
213	228	 50	  0	  0
214	228	 50	  0	  0
215	228	 50	  0	  0
216	228	 37	  0	  0
217	228	 37	  0	  0
218	228	 37	  0	  0
219	228	 37	  0	  0
220	228	 37	  0	  0
221	228	 37	  0	  0
222	228	 37	  0	  0
223	228	 37	  0	  0
224	228	 37	  0	  0
225	228	 37	  0	  0
226	228	 37	  0	  0
227	228	 37	  0	  0
228	228	 24	  0	  0
229	228	 24	  0	  0
230	228	 24	  0	  0
231	228	 24	  0	  0
232	228	 24	  0	  0
233	228	 24	  0	  0
234	228	 24	  0	  0
235	228	 24	  0	  0
236	228	 24	  0	  0
237	228	 24	  0	  0
238	228	 24	  0	  0
239	228	 24	  0	  0
239	228	 24	  0	  0
239	228	 24	  0	  0
239	228	 24	  0	  0
239	228	 24	  0	  0
239	228	 24	  0	  0
239	228	 24	  0	  0
239	228	 24	  0	  0
239	228	 24	  0	  0
239	228	 24	  0	  0
239	228	 24	  0	  0
239	228	 24	  0	  0
239	228	 24	  0	  0
239	228	 24	  0	  0
239	228	 24	  0	  0
239	228	 24	  0	  0
239	228	 24	  0	  0
