SNYC 215 012-µØÐÎ3
0 1 2 3 4 5 6 7 8 9

  0	208	241	255	  0
  1	  0	  0	  0	  0
  2	 37	 97	 51	  0
  3	 37	 97	 51	  0
  4	 37	 97	 51	  0
  5	 37	 97	 51	  0
  6	 37	 97	 51	  0
  7	 37	 97	 51	  0
  8	 37	 97	 51	  0
  9	 37	 97	 51	  0
 10	 37	 97	 51	  0
 11	 37	 97	 51	  0
 12	 37	127	 51	  0
 13	 37	127	 51	  0
 14	 37	127	 51	  0
 15	 37	127	 51	  0
 16	 57	147	 71	  0
 17	 57	147	 71	  0
 18	 77	167	 91	  0
 19	 77	167	 91	  0
 20	 77	167	 91	  0
 21	 77	167	 91	  0
 22	 77	167	 91	  0
 23	 77	167	 91	  0
 24	129	195	 89	  0
 25	129	195	 89	  0
 26	129	195	 89	  0
 27	129	195	 89	  0
 28	129	195	 89	  0
 29	129	195	 89	  0
 30	129	195	 89	  0
 31	129	195	 89	  0
 32	129	195	 89	  0
 33	129	195	 89	  0
 34	129	195	 89	  0
 35	129	195	 89	  0
 36	237	219	 79	  0
 37	237	219	 79	  0
 38	237	219	 79	  0
 39	237	219	 79	  0
 40	237	219	 79	  0
 41	237	219	 79	  0
 42	237	219	 79	  0
 43	237	219	 79	  0
 44	237	219	 79	  0
 45	237	219	 79	  0
 46	237	219	 79	  0
 47	237	219	 79	  0
 48	217	184	 79	  0
 49	217	184	 79	  0
 50	217	184	 79	  0
 51	217	184	 79	  0
 52	217	184	 79	  0
 53	217	184	 79	  0
 54	217	184	 79	  0
 55	217	184	 79	  0
 56	217	184	 79	  0
 57	217	184	 79	  0
 58	217	184	 79	  0
 59	217	184	 79	  0
 60	197	164	 59	  0
 61	197	164	 59	  0
 62	197	164	 59	  0
 63	197	164	 59	  0
 64	197	164	 59	  0
 65	197	164	 59	  0
 66	197	164	 59	  0
 67	197	164	 59	  0
 68	197	164	 59	  0
 69	197	164	 59	  0
 70	197	164	 59	  0
 71	197	164	 59	  0
 72	237	142	 57	  0
 73	237	142	 57	  0
 74	237	142	 57	  0
 75	237	142	 57	  0
 76	237	142	 57	  0
 77	237	142	 57	  0
 78	237	142	 57	  0
 79	237	142	 57	  0
 80	237	142	 57	  0
 81	237	142	 57	  0
 82	237	142	 57	  0
 83	237	142	 57	  0
 84	237	142	 57	  0
 85	237	142	 57	  0
 86	237	142	 57	  0
 87	237	142	 57	  0
 88	237	142	 57	  0
 89	237	142	 57	  0
 90	237	142	 57	  0
 91	237	142	 57	  0
 92	237	142	 57	  0
 93	237	142	 57	  0
 94	237	142	 57	  0
 95	237	142	 57	  0
 96	217	122	 37	  0
 97	217	122	 37	  0
 98	217	122	 37	  0
 99	217	122	 37	  0
100	217	122	 37	  0
101	217	122	 37	  0
102	217	122	 37	  0
103	217	122	 37	  0
104	217	122	 37	  0
105	217	122	 37	  0
106	217	122	 37	  0
107	217	122	 37	  0
108	217	122	 37	  0
109	217	122	 37	  0
110	217	122	 37	  0
111	217	122	 37	  0
112	217	122	 37	  0
113	217	122	 37	  0
114	217	122	 37	  0
115	217	122	 37	  0
116	217	122	 37	  0
117	217	122	 37	  0
118	217	122	 37	  0
119	217	122	 37	  0
120	197	102	 17	  0
121	197	102	 17	  0
122	197	102	 17	  0
123	197	102	 17	  0
124	197	102	 17	  0
125	197	102	 17	  0
126	197	102	 17	  0
127	197	102	 17	  0
128	197	102	 17	  0
129	197	102	 17	  0
130	197	102	 17	  0
131	197	102	 17	  0
132	197	102	 17	  0
133	197	102	 17	  0
134	197	102	 17	  0
135	197	102	 17	  0
136	197	102	 17	  0
137	197	102	 17	  0
138	197	102	 17	  0
139	197	102	 17	  0
140	197	102	 17	  0
141	197	102	 17	  0
142	197	102	 17	  0
143	197	102	 17	  0
144	179	179	239	  0
145	179	179	239	  0
146	179	179	239	  0
147	179	179	239	  0
148	179	179	239	  0
149	179	179	239	  0
150	179	179	239	  0
151	179	179	239	  0
152	179	179	239	  0
153	179	179	239	  0
154	179	179	239	  0
155	179	179	239	  0
156	179	179	239	  0
157	179	179	239	  0
158	179	179	239	  0
159	179	179	239	  0
160	179	179	239	  0
161	179	179	239	  0
162	179	179	239	  0
163	179	179	239	  0
164	179	179	239	  0
165	179	179	239	  0
166	179	179	239	  0
167	179	179	239	  0
168	254	254	249	  0
169	254	254	249	  0
170	254	254	249	  0
171	254	254	249	  0
172	254	254	249	  0
173	254	254	249	  0
174	254	254	249	  0
175	254	254	249	  0
176	254	254	249	  0
177	254	254	249	  0
178	254	254	249	  0
179	254	254	249	  0
180	254	254	249	  0
181	254	254	249	  0
182	254	254	249	  0
183	254	254	249	  0
184	254	254	249	  0
185	254	254	249	  0
186	254	254	249	  0
187	254	254	249	  0
188	254	254	249	  0
189	254	254	249	  0
190	254	254	249	  0
191	254	254	249	  0
192	254	254	249	  0
193	254	254	249	  0
194	254	254	249	  0
195	254	254	249	  0
196	254	254	249	  0
197	254	254	249	  0
198	254	254	249	  0
199	254	254	249	  0
200	254	254	249	  0
201	254	254	249	  0
202	254	254	249	  0
203	254	254	249	  0
204	254	254	249	  0
205	254	254	249	  0
206	254	254	249	  0
207	254	254	249	  0
208	254	254	249	  0
209	254	254	249	  0
210	254	254	249	  0
211	254	254	249	  0
212	254	254	249	  0
213	254	254	249	  0
214	254	254	249	  0
215	254	254	249	  0
216	254	254	249	  0
217	254	254	249	  0
218	254	254	249	  0
219	254	254	249	  0
220	254	254	249	  0
221	254	254	249	  0
222	254	254	249	  0
223	254	254	249	  0
224	254	254	249	  0
225	254	254	249	  0
226	254	254	249	  0
227	254	254	249	  0
228	254	254	249	  0
229	254	254	249	  0
230	254	254	249	  0
231	254	254	249	  0
232	254	254	249	  0
233	254	254	249	  0
234	254	254	249	  0
235	254	254	249	  0
236	254	254	249	  0
237	254	254	249	  0
238	254	254	249	  0
239	254	254	249	  0
239	254	254	249	  0
239	254	254	249	  0
239	254	254	249	  0
239	254	254	249	  0
239	254	254	249	  0
239	254	254	249	  0
239	254	254	249	  0
239	254	254	249	  0
239	254	254	249	  0
239	254	254	249	  0
239	254	254	249	  0
239	254	254	249	  0
239	254	254	249	  0
239	254	254	249	  0
239	254	254	249	  0
239	254	254	249	  0
