SNYC 215 003-²ÊÉ«ÔÆÍ¼3
0 1 2 3 4 5 6 7 8 9

  0	208	241	255	  0
  1	  0	  0	  0	  0
  2	  4	  4	  8	  0
  3	  4	  4	  9	  0
  4	  4	  4	 10	  0
  5	  4	  4	 11	  0
  6	  4	  4	 12	  0
  7	  4	  4	 13	  0
  8	  4	  4	 14	  0
  9	  4	  4	 15	  0
 10	  4	  4	 16	  0
 11	  4	  4	 17	  0
 12	  4	  4	 18	  0
 13	  4	  4	 19	  0
 14	  4	  4	 20	  0
 15	  4	  4	 21	  0
 16	  4	  4	 22	  0
 17	  4	  4	 23	  0
 18	  4	  4	 24	  0
 19	  4	  4	 25	  0
 20	  4	  4	 26	  0
 21	  4	  4	 27	  0
 22	  4	  4	 28	  0
 23	  4	  4	 29	  0
 24	  4	  4	 30	  0
 25	  4	  4	 31	  0
 26	  4	  4	 32	  0
 27	  4	  4	 33	  0
 28	  4	  4	 34	  0
 29	  4	  4	 35	  0
 30	  4	  4	 36	  0
 31	  4	  4	 37	  0
 32	  4	  4	 38	  0
 33	  4	  4	 39	  0
 34	  4	  4	 40	  0
 35	  4	  4	 41	  0
 36	  4	  4	 42	  0
 37	  4	  4	 43	  0
 38	  4	  4	 44	  0
 39	  4	  4	 45	  0
 40	  4	  4	 46	  0
 41	  4	  4	 47	  0
 42	  4	  4	 48	  0
 43	  4	  4	 49	  0
 44	  4	  4	 50	  0
 45	  4	  4	 51	  0
 46	  4	  4	 52	  0
 47	  4	  4	 53	  0
 48	  4	  4	 54	  0
 49	  4	  4	 55	  0
 50	  4	  4	 56	  0
 51	  4	  4	 57	  0
 52	  4	  4	 58	  0
 53	  4	  4	 59	  0
 54	  4	  4	 60	  0
 55	  4	  4	 61	  0
 56	  4	  4	 62	  0
 57	  4	  4	 63	  0
 58	  4	  4	 64	  0
 59	  4	  4	 65	  0
 60	  4	  4	 66	  0
 61	  4	  4	 67	  0
 62	  4	  4	 68	  0
 63	  4	  4	 69	  0
 64	  4	  4	 70	  0
 65	  4	  4	 71	  0
 66	  4	  4	 72	  0
 67	  4	  4	 73	  0
 68	  4	  4	 74	  0
 69	  4	  4	 75	  0
 70	  4	  4	 76	  0
 71	  4	  4	 77	  0
 72	  4	  4	 78	  0
 73	  4	  4	 80	  0
 74	  5	  5	 80	  0
 75	  6	  6	 81	  0
 76	  3	  3	 83	  0
 77	  3	  3	 83	  0
 78	  7	  7	 87	  0
 79	  7	  7	 87	  0
 80	  7	  7	 91	  0
 81	  7	  7	 91	  0
 82	 11	 11	 95	  0
 83	 11	 11	 95	  0
 84	 15	 15	 95	  0
 85	 15	 15	 95	  0
 86	 19	 19	 95	  0
 87	 19	 19	 95	  0
 88	 23	 23	 95	  0
 89	 23	 23	 95	  0
 90	 27	 27	 95	  0
 91	 27	 27	 95	  0
 92	 31	 31	 95	  0
 93	 31	 31	 95	  0
 94	 35	 35	 99	  0
 95	 35	 35	 99	  0
 96	 39	 39	 99	  0
 97	 39	 39	 99	  0
 98	 43	 43	103	  0
 99	 43	 43	103	  0
100	 47	 47	103	  0
101	 47	 47	103	  0
102	 51	 51	107	  0
103	 51	 51	107	  0
104	 55	 55	107	  0
105	 55	 55	107	  0
106	 55	 55	111	  0
107	 55	 55	111	  0
108	 59	 59	111	  0
109	 59	 59	111	  0
110	 59	 59	115	  0
111	 59	 59	115	  0
112	 63	 63	119	  0
113	 63	 63	119	  0
114	 63	 63	123	  0
115	 63	 63	123	  0
116	 67	 67	127	  0
117	 67	 67	127	  0
118	 67	 67	131	  0
119	 67	 67	131	  0
120	 71	 71	135	  0
121	 71	 71	135	  0
122	 71	 71	139	  0
123	 71	 71	139	  0
124	 75	 75	143	  0
125	 75	 75	143	  0
126	 75	 75	147	  0
127	 75	 75	147	  0
128	 79	 79	151	  0
129	 79	 79	151	  0
130	 79	 79	155	  0
131	 79	 79	155	  0
132	 83	 83	159	  0
133	 83	 83	159	  0
134	 83	 83	163	  0
135	 83	 83	163	  0
136	 87	 87	163	  0
137	 87	 87	163	  0
138	 91	 91	163	  0
139	 91	 91	163	  0
140	 95	 95	163	  0
141	 95	 95	163	  0
142	 99	 99	163	  0
143	 99	 99	163	  0
144	103	103	163	  0
145	103	103	163	  0
146	107	107	159	  0
147	107	107	159	  0
148	111	111	159	  0
149	111	111	159	  0
150	115	115	155	  0
151	115	115	155	  0
152	119	119	155	  0
153	119	119	155	  0
154	123	123	151	  0
155	123	123	151	  0
156	127	127	151	  0
157	127	127	151	  0
158	131	131	147	  0
159	131	131	147	  0
160	135	135	147	  0
161	135	135	147	  0
162	139	139	143	  0
163	139	139	143	  0
164	143	143	143	  0
165	143	143	143	  0
166	147	147	147	  0
167	147	147	147	  0
168	151	151	151	  0
169	151	151	151	  0
170	155	155	155	  0
171	155	155	155	  0
172	159	159	159	  0
173	159	159	159	  0
174	163	163	163	  0
175	163	163	163	  0
176	167	167	167	  0
177	167	167	167	  0
178	171	171	171	  0
179	171	171	171	  0
180	175	175	175	  0
181	175	175	175	  0
182	179	179	179	  0
183	179	179	179	  0
184	183	183	183	  0
185	183	183	183	  0
186	187	187	187	  0
187	187	187	187	  0
188	191	191	191	  0
189	191	191	191	  0
190	195	195	195	  0
191	195	195	195	  0
192	199	199	199	  0
193	199	199	199	  0
194	203	203	203	  0
195	203	203	203	  0
196	207	207	207	  0
197	207	207	207	  0
198	211	211	211	  0
199	211	211	211	  0
200	215	215	215	  0
201	215	215	215	  0
202	219	219	219	  0
203	219	219	219	  0
204	223	223	223	  0
205	223	223	223	  0
206	227	227	227	  0
207	227	227	227	  0
208	231	231	231	  0
209	231	231	231	  0
210	235	235	235	  0
211	235	235	235	  0
212	239	239	239	  0
213	239	239	239	  0
214	243	243	243	  0
215	243	243	243	  0
216	247	247	247	  0
217	247	247	247	  0
218	255	255	255	  0
219	255	252	252	  0
220	255	249	249	  0
221	255	245	245	  0
222	255	242	242	  0
223	255	239	239	  0
224	255	235	235	  0
225	255	232	232	  0
226	255	229	229	  0
227	255	225	225	  0
228	255	222	222	  0
229	255	219	219	  0
230	255	215	215	  0
231	255	212	212	  0
232	255	209	209	  0
233	255	205	205	  0
234	255	202	202	  0
235	255	199	199	  0
236	255	195	195	  0
237	255	192	192	  0
238	255	189	189	  0
239	255	185	185	  0
240	255	182	182	  0
241	255	179	179	  0
242	255	175	175	  0
243	255	172	172	  0
244	255	169	169	  0
245	255	165	165	  0
246	255	162	162	  0
247	255	159	159	  0
248	255	155	155	  0
249	255	152	152	  0
250	255	149	149	  0
251	255	145	145	  0
252	255	142	142	  0
253	255	139	139	  0
254	255	135	135	  0
255	255	132	132	  0
