SNYC 215 007-×ØÉ«Ë®ÆûÔÆÍ¼
0 1 2 3 4 5 6 7 8 9

  0	208	241	255	  0
  1	  0	  0	  0	  0
  2	  0	  0	 89	  0
  3	  0	  0	 89	  0
  4	  0	  0	 88	  0
  5	  0	  0	 88	  0
  6	  0	  0	 88	  0
  7	  0	  0	 87	  0
  8	  0	  0	 87	  0
  9	  0	  0	 87	  0
 10	  0	  0	 87	  0
 11	  0	  0	 86	  0
 12	  0	  0	 86	  0
 13	  0	  0	 86	  0
 14	  0	  0	 85	  0
 15	  0	  0	 85	  0
 16	  0	  0	 85	  0
 17	  0	  0	 84	  0
 18	  0	  0	 84	  0
 19	  0	  0	 84	  0
 20	  0	  0	 84	  0
 21	  0	  0	 83	  0
 22	  0	  0	 83	  0
 23	  0	  0	 83	  0
 24	  0	  0	 82	  0
 25	  0	  0	 82	  0
 26	  0	  0	 82	  0
 27	  0	  0	 82	  0
 28	  0	  0	 81	  0
 29	  0	  0	 81	  0
 30	  0	  0	 81	  0
 31	  0	  0	 80	  0
 32	  0	  0	 80	  0
 33	  0	  0	 80	  0
 34	  0	  0	 79	  0
 35	  0	  0	 79	  0
 36	  0	  0	 79	  0
 37	  0	  0	 79	  0
 38	  0	  0	 78	  0
 39	  0	  0	 78	  0
 40	  0	  0	 78	  0
 41	  0	  0	 77	  0
 42	  0	  0	 77	  0
 43	  0	  0	 77	  0
 44	  0	  0	 77	  0
 45	  0	  0	 76	  0
 46	  0	  0	 76	  0
 47	  0	  0	 76	  0
 48	  0	  0	 75	  0
 49	  0	  0	 75	  0
 50	  0	  0	 75	  0
 51	  0	  0	 74	  0
 52	  0	  0	 74	  0
 53	  0	  0	 74	  0
 54	  0	  0	 74	  0
 55	  0	  0	 73	  0
 56	  0	  0	 73	  0
 57	  0	  0	 73	  0
 58	  0	  0	 72	  0
 59	  0	  0	 72	  0
 60	  0	  0	 72	  0
 61	  0	  0	 72	  0
 62	  0	  0	 71	  0
 63	  0	  0	 71	  0
 64	  0	  0	 71	  0
 65	  0	  0	 70	  0
 66	  0	  0	 70	  0
 67	  0	  0	 70	  0
 68	  0	  0	 69	  0
 69	  0	  0	 69	  0
 70	  0	  0	 69	  0
 71	  0	  0	 69	  0
 72	  0	  0	 68	  0
 73	  0	  0	 68	  0
 74	  0	  0	 68	  0
 75	  0	  0	 67	  0
 76	  0	  0	 67	  0
 77	  0	  0	 67	  0
 78	  0	  0	 67	  0
 79	  0	  0	 66	  0
 80	  0	  0	 66	  0
 81	  0	  0	 66	  0
 82	  0	  0	 65	  0
 83	  0	  0	 65	  0
 84	  0	  0	 65	  0
 85	  0	  0	 64	  0
 86	  0	  0	 64	  0
 87	  0	  0	 64	  0
 88	  0	  0	 64	  0
 89	  0	  0	 63	  0
 90	  0	  0	 63	  0
 91	  0	  0	 63	  0
 92	  0	  0	 62	  0
 93	  0	  0	 62	  0
 94	  0	  0	 62	  0
 95	  0	  0	 62	  0
 96	  0	  0	 61	  0
 97	  0	  0	 61	  0
 98	  0	  0	 61	  0
 99	  0	  0	 60	  0
100	  0	  0	 60	  0
101	  0	  0	 60	  0
102	  0	  0	 59	  0
103	  0	  0	 59	  0
104	  0	  0	 59	  0
105	  0	  0	 59	  0
106	  0	  0	 58	  0
107	  0	  0	 58	  0
108	  0	  0	 58	  0
109	  0	  0	 57	  0
110	  0	  0	 57	  0
111	  0	  0	 57	  0
112	  0	  0	 57	  0
113	  0	  0	 56	  0
114	  0	  0	 56	  0
115	  0	  0	 56	  0
116	  0	  0	 55	  0
117	  0	  0	 55	  0
118	  0	  0	 55	  0
119	  0	  0	 54	  0
120	  0	  0	 54	  0
121	  0	  0	 54	  0
122	  0	  0	 54	  0
123	  0	  0	 53	  0
124	  0	  0	 53	  0
125	  0	  0	 53	  0
126	  0	  0	 52	  0
127	  0	  0	 52	  0
128	  0	  0	 52	  0
129	  0	  0	 52	  0
130	  0	  0	 51	  0
131	  0	  0	 51	  0
132	  0	  0	 51	  0
133	  0	  0	 50	  0
134	  0	  0	 50	  0
135	  0	  0	 50	  0
136	  0	  0	 49	  0
137	  0	  0	 49	  0
138	  0	  0	 49	  0
139	  0	  0	 49	  0
140	  0	  0	 48	  0
141	  0	  0	 48	  0
142	  0	  0	 48	  0
143	  0	  0	 47	  0
144	  0	  0	 47	  0
145	  0	  0	 47	  0
146	  0	  0	 47	  0
147	  0	  0	 46	  0
148	  0	  0	 46	  0
149	  0	  0	 46	  0
150	  0	  0	 45	  0
151	  0	  0	 45	  0
152	  0	  0	 45	  0
153	  0	  0	 44	  0
154	  0	  0	 44	  0
155	  0	  0	 44	  0
156	  0	  0	 44	  0
157	  0	  0	 43	  0
158	  0	  0	 43	  0
159	  0	  0	 43	  0
160	  0	  0	 42	  0
161	  0	  0	 42	  0
162	  0	  0	 42	  0
163	  0	  0	 42	  0
164	  0	  0	 41	  0
165	  0	  0	 41	  0
166	  0	  0	 41	  0
167	  0	  0	 40	  0
168	  0	  0	 40	  0
169	  0	  0	 40	  0
170	  0	  0	 39	  0
171	  0	  0	 39	  0
172	  0	  0	 39	  0
173	  0	  0	 39	  0
174	  0	  0	 38	  0
175	  0	  0	 38	  0
176	  0	  0	 38	  0
177	  0	  0	 37	  0
178	  0	  0	 37	  0
179	  0	  0	 37	  0
180	  0	  0	 37	  0
181	  0	  0	 36	  0
182	  0	  0	 36	  0
183	  0	  0	 36	  0
184	  0	  0	 35	  0
185	  0	  0	 35	  0
186	  0	  0	 35	  0
187	  0	  0	 34	  0
188	  0	  0	 34	  0
189	  0	  0	 34	  0
190	  0	  0	 34	  0
191	  0	  0	 33	  0
192	  0	  0	 33	  0
193	  0	  0	 33	  0
194	  0	  0	 32	  0
195	  0	  0	 32	  0
196	  0	  0	 32	  0
197	  0	  0	 32	  0
198	  0	  0	 31	  0
199	  0	  0	 31	  0
200	  0	  0	 31	  0
201	  0	  0	 30	  0
202	  0	  0	 30	  0
203	  0	  0	 30	  0
204	 78	 13	  6	  0
205	 83	 20	 14	  0
206	 89	 28	 22	  0
207	 95	 36	 30	  0
208	100	 44	 38	  0
209	106	 52	 46	  0
210	112	 59	 54	  0
211	117	 67	 62	  0
212	123	 75	 70	  0
213	129	 83	 78	  0
214	135	 91	 86	  0
215	140	 98	 94	  0
216	146	106	102	  0
217	152	114	110	  0
218	157	122	118	  0
219	163	130	126	  0
220	169	137	134	  0
221	175	145	142	  0
222	180	153	150	  0
223	186	161	158	  0
224	192	169	166	  0
225	197	176	174	  0
226	203	184	182	  0
227	209	192	190	  0
228	215	200	198	  0
229	220	208	206	  0
230	226	215	214	  0
231	232	223	222	  0
232	237	231	230	  0
233	243	239	238	  0
234	255	255	255	  0
235	244	244	244	  0
236	245	245	245	  0
237	246	246	246	  0
238	247	247	247	  0
239	248	248	248	  0
240	249	249	249	  0
241	250	250	250	  0
242	251	251	251	  0
243	252	252	252	  0
244	253	253	253	  0
245	254	254	254	  0
246	  0	  0	  0	  0
247	  0	  0	  0	  0
248	  0	  0	  0	  0
249	  0	  0	  0	  0
250	  0	  0	  0	  0
251	  0	  0	  0	  0
252	  0	  0	  0	  0
253	  0	  0	  0	  0
254	  0	  0	  0	  0
255	  0	  0	  0	  0
