SNYC 215 013-地形4(可见光?)
0 1 2 3 4 5 6 7 8 9

  0	208	241	255	  0
  1	  0	  0	  0	  0
  2	  0	  0	  3	  0
  3	  0	  0	  3	  0
  4	  0	  0	  3	  0
  5	  0	  0	  3	  0
  6	  0	  0	  3	  0
  7	  0	  0	  3	  0
  8	  0	  0	  3	  0
  9	  0	  0	  3	  0
 10	  0	  0	 11	  0
 11	  0	  0	 19	  0
 12	  0	  0	 27	  0
 13	  0	  0	 35	  0
 14	  0	  0	 43	  0
 15	  0	  0	 51	  0
 16	  0	  0	 59	  0
 17	  0	  0	 67	  0
 18	  0	  0	 75	  0
 19	  3	  3	 83	  0
 20	  7	  7	 91	  0
 21	 15	 15	 95	  0
 22	 23	 23	 95	  0
 23	 31	 31	 95	  0
 24	 39	 39	 99	  0
 25	 47	 47	103	  0
 26	 55	 55	107	  0
 27	 59	 59	111	  0
 28	 63	 63	119	  0
 29	 67	 67	127	  0
 30	 71	 71	135	  0
 31	 75	 75	143	  0
 32	 79	 79	151	  0
 33	 83	 83	159	  0
 34	 87	 87	163	  0
 35	 95	 95	163	  0
 36	103	103	163	  0
 37	111	111	159	  0
 38	119	119	155	  0
 39	127	127	151	  0
 40	135	135	147	  0
 41	143	143	143	  0
 42	151	151	151	  0
 43	159	159	159	  0
 44	167	167	167	  0
 45	175	175	175	  0
 46	183	183	183	  0
 47	191	191	191	  0
 48	199	199	199	  0
 49	207	207	207	  0
 50	215	215	215	  0
 51	223	223	223	  0
 52	231	231	231	  0
 53	239	239	239	  0
 54	247	247	247	  0
 55	251	243	243	  0
 56	251	227	227	  0
 57	251	211	211	  0
 58	251	195	195	  0
 59	251	179	179	  0
 60	251	163	163	  0
 61	251	147	147	  0
 62	251	131	131	  0
 63	119	251	  0	  0
 64	251	251	251	  0
 64	  0	  0	  0	  0
 64	  0	  0	  0	  0
 64	  0	  0	  0	  0
 64	  0	  0	  0	  0
 64	  0	  0	  0	  0
 64	  0	  0	  0	  0
 64	  0	  0	  0	  0
 64	  0	  0	  0	  0
 64	  0	  0	  0	  0
 64	  0	  0	  0	  0
 64	  0	  0	  0	  0
 64	  0	  0	  0	  0
 64	  0	  0	  0	  0
 64	  0	  0	  0	  0
 64	  0	  0	  0	  0
 64	  0	  0	  0	  0
 64	  0	  0	  0	  0
 64	  0	  0	  0	  0
 64	  0	  0	  0	  0
 64	  0	  0	  0	  0
 64	  0	  0	  0	  0
 64	  0	  0	  0	  0
 64	  0	  0	  0	  0
 64	  0	  0	  0	  0
 64	  0	  0	  0	  0
 64	  0	  0	  0	  0
 64	  0	  0	  0	  0
 64	  0	  0	  0	  0
 64	  0	  0	  0	  0
 64	  0	  0	  0	  0
 64	  0	  0	  0	  0
 64	  0	  0	  0	  0
 64	  0	  0	  0	  0
 64	  0	  0	  0	  0
 64	  0	  0	  0	  0
 64	  0	  0	  0	  0
 64	  0	  0	  0	  0
 64	  0	  0	  0	  0
 64	  0	  0	  0	  0
 64	  0	  0	  0	  0
 64	  0	  0	  0	  0
 64	  0	  0	  0	  0
 64	  0	  0	  0	  0
 64	  0	  0	  0	  0
 64	  0	  0	  0	  0
 64	  0	  0	  0	  0
 64	  0	  0	  0	  0
 64	  0	  0	  0	  0
 64	  0	  0	  0	  0
 64	  0	  0	  0	  0
 64	  0	  0	  0	  0
 64	  0	  0	  0	  0
 64	  0	  0	  0	  0
 64	  0	  0	  0	  0
 64	  0	  0	  0	  0
 64	  0	  0	  0	  0
 64	  0	  0	  0	  0
 64	  0	  0	  0	  0
 64	  0	  0	  0	  0
 64	  0	  0	  0	  0
 64	  0	  0	  0	  0
 64	  0	  0	  0	  0
 64	  0	  0	  0	  0
 64	  0	  0	  0	  0
 64	  0	  0	  0	  0
 64	  0	  0	  0	  0
 64	  0	  0	  0	  0
 64	  0	  0	  0	  0
 64	  0	  0	  0	  0
 64	  0	  0	  0	  0
 64	  0	  0	  0	  0
 64	  0	  0	  0	  0
 64	  0	  0	  0	  0
 64	  0	  0	  0	  0
 64	  0	  0	  0	  0
 64	  0	  0	  0	  0
 64	  0	  0	  0	  0
 64	  0	  0	  0	  0
 64	  0	  0	  0	  0
 64	  0	  0	  0	  0
 64	  0	  0	  0	  0
 64	  0	  0	  0	  0
 64	  0	  0	  0	  0
 64	  0	  0	  0	  0
 64	  0	  0	  0	  0
 64	  0	  0	  0	  0
 64	  0	  0	  0	  0
 64	  0	  0	  0	  0
 64	  0	  0	  0	  0
 64	  0	  0	  0	  0
 64	  0	  0	  0	  0
 64	  0	  0	  0	  0
 64	  0	  0	  0	  0
 64	  0	  0	  0	  0
 64	  0	  0	  0	  0
 64	  0	  0	  0	  0
 64	  0	  0	  0	  0
 64	  0	  0	  0	  0
 64	  0	  0	  0	  0
 64	  0	  0	  0	  0
 64	  0	  0	  0	  0
 64	  0	  0	  0	  0
 64	  0	  0	  0	  0
 64	  0	  0	  0	  0
 64	  0	  0	  0	  0
 64	  0	  0	  0	  0
 64	  0	  0	  0	  0
 64	  0	  0	  0	  0
 64	  0	  0	  0	  0
 64	  0	  0	  0	  0
 64	  0	  0	  0	  0
 64	  0	  0	  0	  0
 64	  0	  0	  0	  0
 64	  0	  0	  0	  0
 64	  0	  0	  0	  0
 64	  0	  0	  0	  0
 64	  0	  0	  0	  0
 64	  0	  0	  0	  0
 64	  0	  0	  0	  0
 64	  0	  0	  0	  0
 64	  0	  0	  0	  0
 64	  0	  0	  0	  0
 64	  0	  0	  0	  0
 64	  0	  0	  0	  0
 64	  0	  0	  0	  0
 64	  0	  0	  0	  0
 64	  0	  0	  0	  0
 64	  0	  0	  0	  0
 64	  0	  0	  0	  0
 64	  0	  0	  0	  0
 64	  0	  0	  0	  0
 64	  0	  0	  0	  0
 64	  0	  0	  0	  0
 64	  0	  0	  0	  0
 64	  0	  0	  0	  0
 64	  0	  0	  0	  0
 64	  0	  0	  0	  0
 64	  0	  0	  0	  0
 64	  0	  0	  0	  0
 64	  0	  0	  0	  0
 64	  0	  0	  0	  0
 64	  0	  0	  0	  0
 64	  0	  0	  0	  0
 64	  0	  0	  0	  0
 64	  0	  0	  0	  0
 64	  0	  0	  0	  0
 64	  0	  0	  0	  0
 64	  0	  0	  0	  0
 64	  0	  0	  0	  0
 64	  0	  0	  0	  0
 64	  0	  0	  0	  0
 64	  0	  0	  0	  0
 64	  0	  0	  0	  0
 64	  0	  0	  0	  0
 64	  0	  0	  0	  0
 64	  0	  0	  0	  0
 64	  0	  0	  0	  0
 64	  0	  0	  0	  0
 64	  0	  0	  0	  0
 64	  0	  0	  0	  0
 64	  0	  0	  0	  0
 64	  0	  0	  0	  0
 64	  0	  0	  0	  0
 64	  0	  0	  0	  0
 64	  0	  0	  0	  0
 64	  0	  0	  0	  0
 64	  0	  0	  0	  0
 64	  0	  0	  0	  0
 64	  0	  0	  0	  0
 64	  0	  0	  0	  0
 64	  0	  0	  0	  0
 64	  0	  0	  0	  0
 64	  0	  0	  0	  0
 64	  0	  0	  0	  0
 64	  0	  0	  0	  0
 64	  0	  0	  0	  0
 64	  0	  0	  0	  0
 64	  0	  0	  0	  0
 64	  0	  0	  0	  0
 64	  0	  0	  0	  0
 64	  0	  0	  0	  0
 64	  0	  0	  0	  0
 64	  0	  0	  0	  0
 64	  0	  0	  0	  0
 64	  0	  0	  0	  0
 64	  0	  0	  0	  0
 64	  0	  0	  0	  0
 64	  0	  0	  0	  0
 64	  0	  0	  0	  0
 64	  0	  0	  0	  0
 64	  0	  0	  0	  0
