SNYC 215 006-»Ò¶ÈË®ÆûÔÆÍ¼
0 1 2 3 4 5 6 7 8 9

  0	208	241	255	  0
  1	  0	  0	  0	  0
  2	  4	  4	  8	  0
  3	  4	  4	  9	  0
  4	  4	  4	 10	  0
  5	  4	  4	 11	  0
  6	  4	  4	 12	  0
  7	  4	  4	 13	  0
  8	  4	  4	 14	  0
  9	  4	  4	 15	  0
 10	  4	  4	 16	  0
 11	  4	  4	 17	  0
 12	  4	  4	 18	  0
 13	  4	  4	 19	  0
 14	  4	  4	 20	  0
 15	  4	  4	 21	  0
 16	  4	  4	 22	  0
 17	  4	  4	 23	  0
 18	  4	  4	 24	  0
 19	  4	  4	 25	  0
 20	  4	  4	 26	  0
 21	  4	  4	 27	  0
 22	  4	  4	 28	  0
 23	  4	  4	 29	  0
 24	  4	  4	 30	  0
 25	  4	  4	 31	  0
 26	  4	  4	 32	  0
 27	  4	  4	 33	  0
 28	  4	  4	 34	  0
 29	  4	  4	 35	  0
 30	  4	  4	 36	  0
 31	  4	  4	 37	  0
 32	  4	  4	 38	  0
 33	  4	  4	 39	  0
 34	  4	  4	 40	  0
 35	  4	  4	 41	  0
 36	  4	  4	 42	  0
 37	  4	  4	 43	  0
 38	  4	  4	 44	  0
 39	  4	  4	 45	  0
 40	  4	  4	 46	  0
 41	  4	  4	 47	  0
 42	  4	  4	 48	  0
 43	  4	  4	 49	  0
 44	  4	  4	 50	  0
 45	  4	  4	 51	  0
 46	  4	  4	 52	  0
 47	  4	  4	 53	  0
 48	  4	  4	 54	  0
 49	  4	  4	 55	  0
 50	  4	  4	 56	  0
 51	  4	  4	 57	  0
 52	  4	  4	 58	  0
 53	  4	  4	 59	  0
 54	  4	  4	 60	  0
 55	  4	  4	 61	  0
 56	  4	  4	 62	  0
 57	  4	  4	 63	  0
 58	  4	  4	 64	  0
 59	  4	  4	 65	  0
 60	  4	  4	 66	  0
 61	  4	  4	 67	  0
 62	  4	  4	 68	  0
 63	  4	  4	 69	  0
 64	  4	  4	 70	  0
 65	  4	  4	 71	  0
 66	  4	  4	 72	  0
 67	  4	  4	 73	  0
 68	  4	  4	 74	  0
 69	  4	  4	 75	  0
 70	  4	  4	 76	  0
 71	  4	  4	 77	  0
 72	  4	  4	 78	  0
  2	  0	  0	 64	  0
  3	  0	  0	 64	  0
  4	  0	  0	 64	  0
  5	  0	  0	 63	  0
  6	  0	  0	 63	  0
  7	  0	  0	 63	  0
  8	  0	  0	 62	  0
  9	  0	  0	 62	  0
 10	  0	  0	 62	  0
 11	  0	  0	 61	  0
 12	  0	  0	 61	  0
 13	  0	  0	 61	  0
 14	  0	  0	 60	  0
 15	  0	  0	 60	  0
 16	  0	  0	 60	  0
 17	  0	  0	 59	  0
 18	  0	  0	 59	  0
 19	  0	  0	 59	  0
 20	  0	  0	 58	  0
 21	  0	  0	 58	  0
 22	  0	  0	 58	  0
 23	  0	  0	 57	  0
 24	  0	  0	 57	  0
 25	  0	  0	 57	  0
 26	  0	  0	 56	  0
 27	  0	  0	 56	  0
 28	  0	  0	 56	  0
 29	  0	  0	 55	  0
 30	  0	  0	 55	  0
 31	  0	  0	 55	  0
 32	  0	  0	 54	  0
 33	  0	  0	 54	  0
 34	  0	  0	 54	  0
 35	  0	  0	 53	  0
 36	  0	  0	 53	  0
 37	  0	  0	 53	  0
 38	  0	  0	 52	  0
 39	  0	  0	 52	  0
 40	  0	  0	 52	  0
 41	  0	  0	 51	  0
 42	  0	  0	 51	  0
 43	  0	  0	 51	  0
 44	  0	  0	 50	  0
 45	  0	  0	 50	  0
 46	  0	  0	 50	  0
 47	  0	  0	 49	  0
 48	  0	  0	 49	  0
 49	  0	  0	 49	  0
 50	  0	  0	 48	  0
 51	  0	  0	 48	  0
 52	  0	  0	 48	  0
 53	  0	  0	 47	  0
 54	  0	  0	 47	  0
 55	  0	  0	 47	  0
 56	  0	  0	 46	  0
 57	  0	  0	 46	  0
 58	  0	  0	 46	  0
 59	  0	  0	 45	  0
 60	  0	  0	 45	  0
 61	  0	  0	 45	  0
 62	  0	  0	 44	  0
 63	  0	  0	 44	  0
 64	  0	  0	 44	  0
 65	  0	  0	 43	  0
 66	  0	  0	 43	  0
 67	  0	  0	 43	  0
 68	  0	  0	 42	  0
 69	  0	  0	 42	  0
 70	  0	  0	 42	  0
 71	  0	  0	 41	  0
 72	  0	  0	 41	  0
 73	  0	  0	 41	  0
 74	  0	  0	 40	  0
 75	  0	  0	 40	  0
 76	  0	  0	 40	  0
 77	  0	  0	 39	  0
 78	  0	  0	 39	  0
 79	  0	  0	 39	  0
 80	  0	  0	 38	  0
 81	  0	  0	 38	  0
 82	  0	  0	 38	  0
 83	  0	  0	 37	  0
 84	  0	  0	 37	  0
 85	  0	  0	 37	  0
 86	  0	  0	 36	  0
 87	  0	  0	 36	  0
 88	  0	  0	 36	  0
 89	  0	  0	 35	  0
 90	  0	  0	 35	  0
 91	  0	  0	 35	  0
 92	  0	  0	 34	  0
 93	  0	  0	 34	  0
 94	  0	  0	 34	  0
 95	  0	  0	 33	  0
 96	  0	  0	 33	  0
 97	  0	  0	 32	  0
 98	  0	  0	 32	  0
 99	  0	  0	 32	  0
100	  0	  0	 31	  0
101	  0	  0	 31	  0
102	  0	  0	 31	  0
103	  0	  0	 30	  0
104	  0	  0	 30	  0
105	  0	  0	 30	  0
106	  0	  0	 29	  0
107	  0	  0	 29	  0
108	  0	  0	 29	  0
109	  0	  0	 28	  0
110	  0	  0	 28	  0
111	  0	  0	 28	  0
112	  0	  0	 27	  0
113	  0	  0	 27	  0
114	  0	  0	 27	  0
115	  0	  0	 26	  0
116	  0	  0	 26	  0
117	  0	  0	 26	  0
118	  0	  0	 25	  0
119	  0	  0	 25	  0
120	  0	  0	 25	  0
121	  0	  0	 24	  0
122	  0	  0	 24	  0
123	  0	  0	 24	  0
124	  0	  0	 23	  0
125	  0	  0	 23	  0
126	  0	  0	 23	  0
127	  0	  0	 22	  0
128	  0	  0	 22	  0
129	  0	  0	 22	  0
130	  0	  0	 21	  0
131	  0	  0	 21	  0
132	  0	  0	 21	  0
133	  0	  0	 20	  0
134	  0	  0	 20	  0
135	  0	  0	 20	  0
136	  0	  0	 19	  0
137	  0	  0	 19	  0
138	  0	  0	 19	  0
139	  0	  0	 18	  0
140	  0	  0	 18	  0
141	  0	  0	 18	  0
142	  0	  0	 17	  0
143	  0	  0	 17	  0
144	  0	  0	 17	  0
145	  0	  0	 16	  0
146	  0	  0	 16	  0
147	  0	  0	 16	  0
148	  0	  0	 15	  0
149	  0	  0	 15	  0
150	  0	  0	 15	  0
151	  0	  0	 14	  0
152	  0	  0	 14	  0
153	  0	  0	 14	  0
154	  0	  0	 13	  0
155	  0	  0	 13	  0
156	  0	  0	 13	  0
157	  0	  0	 12	  0
158	  0	  0	 12	  0
159	  0	  0	 12	  0
160	  0	  0	 11	  0
161	  0	  0	 11	  0
162	  0	  0	 11	  0
163	  0	  0	 10	  0
164	  0	  0	 10	  0
165	  0	  0	 10	  0
166	  0	  0	  9	  0
167	  0	  0	  9	  0
168	  0	  0	  9	  0
169	  0	  0	  8	  0
170	  0	  0	  8	  0
171	  0	  0	  8	  0
172	  0	  0	  7	  0
173	  0	  0	  7	  0
174	  0	  0	  7	  0
175	  0	  0	  6	  0
176	  0	  0	  6	  0
177	  0	  0	  6	  0
178	  0	  0	  5	  0
179	  0	  0	  5	  0
180	  0	  0	  5	  0
181	  0	  0	  4	  0
182	  0	  0	  4	  0
183	  0	  0	  4	  0
184	  0	  0	  3	  0
