SNYC 215 027-²Êºç±àÂë2
0 1 2 3 4 5 6 7 8 9

  0	  0	  0	255	  0
  1	  0	  3	255	  0
  2	  0	  7	255	  0
  3	  0	 11	255	  0
  4	  0	 15	255	  0
  5	  0	 19	255	  0
  6	  0	 23	255	  0
  7	  0	 27	255	  0
  8	  0	 31	255	  0
  9	  0	 35	255	  0
 10	  0	 39	255	  0
 11	  0	 43	255	  0
 12	  0	 47	255	  0
 13	  0	 51	255	  0
 14	  0	 55	255	  0
 15	  0	 59	255	  0
 16	  0	 63	255	  0
 17	  0	 67	255	  0
 18	  0	 71	255	  0
 19	  0	 75	255	  0
 20	  0	 79	255	  0
 21	  0	 83	255	  0
 22	  0	 87	255	  0
 23	  0	 91	255	  0
 24	  0	 95	255	  0
 25	  0	 99	255	  0
 26	  0	103	255	  0
 27	  0	107	255	  0
 28	  0	111	255	  0
 29	  0	115	255	  0
 30	  0	119	255	  0
 31	  0	123	255	  0
 32	  0	127	255	  0
 33	  0	131	255	  0
 34	  0	135	255	  0
 35	  0	139	255	  0
 36	  0	143	255	  0
 37	  0	147	255	  0
 38	  0	151	255	  0
 39	  0	155	255	  0
 40	  0	159	255	  0
 41	  0	163	255	  0
 42	  0	167	255	  0
 43	  0	171	255	  0
 44	  0	175	255	  0
 45	  0	179	255	  0
 46	  0	183	255	  0
 47	  0	187	255	  0
 48	  0	191	255	  0
 49	  0	195	255	  0
 50	  0	199	255	  0
 51	  0	203	255	  0
 52	  0	207	255	  0
 53	  0	211	255	  0
 54	  0	215	255	  0
 55	  0	219	255	  0
 56	  0	223	255	  0
 57	  0	227	255	  0
 58	  0	231	255	  0
 59	  0	235	255	  0
 60	  0	239	255	  0
 61	  6	243	255	  0
 62	  0	247	255	  0
 63	  0	251	255	  0
 64	  0	255	255	  0
 65	  0	255	247	  0
 66	  0	255	239	  0
 67	  0	255	231	  0
 68	  0	255	223	  0
 69	  0	255	215	  0
 70	  0	255	207	  0
 71	  0	255	199	  0
 72	  0	255	191	  0
 73	  0	255	183	  0
 74	  0	255	175	  0
 75	  0	255	167	  0
 76	  0	255	159	  0
 77	  0	255	151	  0
 78	  0	255	143	  0
 79	  0	255	135	  0
 80	  0	255	127	  0
 81	  0	255	119	  0
 82	  0	255	111	  0
 83	  0	255	103	  0
 84	  0	255	 95	  0
 85	  0	255	 87	  0
 86	  0	255	 79	  0
 87	  0	255	 71	  0
 88	  0	255	 63	  0
 89	  0	255	 55	  0
 90	  0	255	 47	  0
 91	  0	255	 39	  0
 92	  0	255	 31	  0
 93	  0	255	 23	  0
 94	  0	255	 15	  0
 95	  0	255	  7	  0
 96	  0	255	  0	  0
 97	  8	255	  0	  0
 98	 16	255	  0	  0
 99	 24	255	  0	  0
100	 32	255	  0	  0
101	 40	255	  0	  0
102	 48	255	  0	  0
103	 56	255	  0	  0
104	 64	255	  0	  0
105	 72	255	  0	  0
106	 80	255	  0	  0
107	 88	255	  0	  0
108	 96	255	  0	  0
109	104	255	  0	  0
110	112	255	  0	  0
111	120	255	  0	  0
112	128	255	  0	  0
113	136	255	  0	  0
114	144	255	  0	  0
115	152	255	  0	  0
116	160	255	  0	  0
117	168	255	  0	  0
118	176	255	  0	  0
119	184	255	  0	  0
120	192	255	  0	  0
121	200	255	  0	  0
122	208	255	  0	  0
123	216	255	  0	  0
124	224	255	  0	  0
125	232	255	  0	  0
126	240	255	  0	  0
127	248	255	  0	  0
128	255	255	  0	  0
129	255	251	  0	  0
130	255	247	  0	  0
131	255	243	  0	  0
132	255	239	  0	  0
133	255	235	  0	  0
134	255	231	  0	  0
135	255	227	  0	  0
136	255	223	  0	  0
137	255	219	  0	  0
138	255	215	  0	  0
139	255	211	  0	  0
140	255	207	  0	  0
141	255	203	  0	  0
142	255	199	  0	  0
143	255	195	  0	  0
144	255	191	  0	  0
145	255	187	  0	  0
146	255	183	  0	  0
147	255	179	  0	  0
148	255	175	  0	  0
149	255	171	  0	  0
150	255	167	  0	  0
151	255	163	  0	  0
152	255	159	  0	  0
153	255	155	  0	  0
154	255	151	  0	  0
155	255	147	  0	  0
156	255	143	  0	  0
157	255	139	  0	  0
158	255	135	  0	  0
159	255	131	  0	  0
160	255	127	  0	  0
161	255	123	  0	  0
162	255	119	  0	  0
163	255	115	  0	  0
164	255	111	  0	  0
165	255	107	  0	  0
166	255	103	  0	  0
167	255	 99	  0	  0
168	255	 95	  0	  0
169	255	 91	  0	  0
170	255	 87	  0	  0
171	255	 83	  0	  0
172	255	 79	  0	  0
173	255	 75	  0	  0
174	255	 71	  0	  0
175	255	 67	  0	  0
176	255	 63	  0	  0
177	255	 59	  0	  0
178	255	 55	  0	  0
179	255	 51	  0	  0
180	255	 47	  0	  0
181	255	 43	  0	  0
182	255	 39	  0	  0
183	255	 35	  0	  0
184	255	 31	  0	  0
185	255	 27	  0	  0
186	255	 23	  0	  0
187	255	 19	  0	  0
188	255	 15	  0	  0
189	255	 11	  0	  0
190	255	  7	  0	  0
191	255	  3	  0	  0
192	255	  0	  0	  0
193	255	  4	  4	  0
194	255	  8	  8	  0
195	255	 12	 12	  0
196	255	 16	 16	  0
197	255	 20	 20	  0
198	255	 24	 24	  0
199	255	 28	 28	  0
200	255	 32	 32	  0
201	255	 36	 36	  0
202	255	 40	 40	  0
203	255	 44	 44	  0
204	255	 48	 48	  0
205	255	 52	 52	  0
206	255	 56	 56	  0
207	255	 60	 60	  0
208	255	 64	 64	  0
209	255	 68	 68	  0
210	255	 72	 72	  0
211	255	 76	 76	  0
212	255	 80	 80	  0
213	255	 84	 84	  0
214	255	 88	 88	  0
215	255	 92	 92	  0
216	255	 96	 96	  0
217	255	100	100	  0
218	255	104	104	  0
219	255	108	108	  0
220	255	112	112	  0
221	255	116	116	  0
222	255	120	120	  0
223	255	124	124	  0
224	255	128	128	  0
225	255	132	132	  0
226	255	136	136	  0
227	255	140	140	  0
228	255	144	144	  0
229	255	148	148	  0
230	255	152	152	  0
231	255	156	156	  0
232	255	160	160	  0
233	255	164	164	  0
234	255	168	168	  0
235	255	172	172	  0
236	255	176	176	  0
237	255	180	180	  0
238	255	184	184	  0
239	255	188	188	  0
240	255	192	192	  0
241	255	196	196	  0
242	255	200	200	  0
243	255	204	204	  0
244	255	208	208	  0
245	255	212	212	  0
246	255	216	216	  0
247	255	220	220	  0
248	255	224	224	  0
249	255	228	228	  0
250	255	232	232	  0
251	255	236	236	  0
252	255	240	240	  0
253	255	244	244	  0
254	255	248	248	  0
255	255	252	252	  0
