SNYC 215 028-»»Ω Ù±‡¬Î1
0 1 2 3 4 5 6 7 8 9

  0	  0	  0	  0	  0
  1	  0	  0	  4	  0
  2	  0	  0	  8	  0
  3	  0	  0	 12	  0
  4	  0	  0	 16	  0
  5	  0	  0	 20	  0
  6	  0	  0	 24	  0
  7	  0	  0	 28	  0
  8	  0	  0	 32	  0
  9	  0	  0	 36	  0
 10	  0	  0	 40	  0
 11	  0	  0	 44	  0
 12	  0	  0	 48	  0
 13	  0	  0	 52	  0
 14	  0	  0	 56	  0
 15	  0	  0	 60	  0
 16	  0	  0	 64	  0
 17	  0	  0	 68	  0
 18	  0	  0	 72	  0
 19	  0	  0	 76	  0
 20	  0	  0	 80	  0
 21	  0	  0	 84	  0
 22	  0	  0	 88	  0
 23	  0	  0	 92	  0
 24	  0	  0	 96	  0
 25	  0	  0	100	  0
 26	  0	  0	104	  0
 27	  0	  0	108	  0
 28	  0	  0	112	  0
 29	  0	  0	116	  0
 30	  0	  0	120	  0
 31	  0	  0	124	  0
 32	  0	  0	128	  0
 33	  0	  0	132	  0
 34	  0	  0	136	  0
 35	  0	  0	140	  0
 36	  0	  0	144	  0
 37	  0	  0	148	  0
 38	  0	  0	152	  0
 39	  0	  0	156	  0
 40	  0	  0	160	  0
 41	  0	  0	164	  0
 42	  0	  0	168	  0
 43	  0	  0	172	  0
 44	  0	  0	176	  0
 45	  0	  0	180	  0
 46	  0	  0	184	  0
 47	  0	  0	188	  0
 48	  0	  0	192	  0
 49	  0	  0	196	  0
 50	  0	  0	200	  0
 51	  0	  0	204	  0
 52	  0	  0	208	  0
 53	  0	  0	212	  0
 54	  0	  0	216	  0
 55	  0	  0	220	  0
 56	  0	  0	224	  0
 57	  0	  0	228	  0
 58	  0	  0	232	  0
 59	  0	  0	236	  0
 60	  0	  0	240	  0
 61	  0	  0	244	  0
 62	  0	  0	248	  0
 63	  0	  0	252	  0
 64	  0	  0	255	  0
 65	  4	  0	255	  0
 66	  8	  0	255	  0
 67	 12	  0	255	  0
 68	 16	  0	255	  0
 69	 20	  0	255	  0
 70	 24	  0	255	  0
 71	 28	  0	255	  0
 72	 32	  0	255	  0
 73	 36	  0	255	  0
 74	 40	  0	255	  0
 75	 44	  0	255	  0
 76	 48	  0	255	  0
 77	 52	  0	255	  0
 78	 56	  0	255	  0
 79	 60	  0	255	  0
 80	 64	  0	255	  0
 81	 68	  0	255	  0
 82	 72	  0	255	  0
 83	 76	  0	255	  0
 84	 80	  0	255	  0
 85	 84	  0	255	  0
 86	 88	  0	255	  0
 87	 92	  0	255	  0
 88	 96	  0	255	  0
 89	100	  0	255	  0
 90	104	  0	255	  0
 91	108	  0	255	  0
 92	112	  0	255	  0
 93	116	  0	255	  0
 94	120	  0	255	  0
 95	124	  0	255	  0
 96	128	  0	247	  0
 97	132	  0	239	  0
 98	136	  0	231	  0
 99	140	  0	223	  0
100	144	  0	215	  0
101	148	  0	207	  0
102	152	  0	199	  0
103	156	  0	191	  0
104	160	  0	183	  0
105	164	  0	175	  0
106	168	  0	167	  0
107	172	  0	159	  0
108	176	  0	151	  0
109	180	  0	143	  0
110	184	  0	135	  0
111	188	  0	127	  0
112	192	  0	119	  0
113	196	  0	111	  0
114	200	  0	103	  0
115	204	  0	 95	  0
116	208	  0	 87	  0
117	212	  0	 79	  0
118	216	  0	 71	  0
119	220	  0	 63	  0
120	224	  0	 55	  0
121	228	  0	 47	  0
122	232	  0	 39	  0
123	236	  0	 31	  0
124	240	  0	 23	  0
125	244	  0	 15	  0
126	248	  0	  7	  0
127	252	  0	  0	  0
128	255	  0	  0	  0
129	255	  4	  0	  0
130	255	  8	  0	  0
131	255	 12	  0	  0
132	255	 16	  0	  0
133	255	 20	  0	  0
134	255	 24	  0	  0
135	255	 28	  0	  0
136	255	 32	  0	  0
137	255	 36	  0	  0
138	255	 40	  0	  0
139	255	 44	  0	  0
140	255	 48	  0	  0
141	255	 52	  0	  0
142	255	 56	  0	  0
143	255	 60	  0	  0
144	255	 64	  0	  0
145	255	 68	  0	  0
146	255	 72	  0	  0
147	255	 76	  0	  0
148	255	 80	  0	  0
149	255	 84	  0	  0
150	255	 88	  0	  0
151	255	 92	  0	  0
152	255	 96	  0	  0
153	255	100	  0	  0
154	255	104	  0	  0
155	255	108	  0	  0
156	255	112	  0	  0
157	255	116	  0	  0
158	255	120	  0	  0
159	255	124	  0	  0
160	255	128	  0	  0
161	255	132	  0	  0
162	255	136	  0	  0
163	255	140	  0	  0
164	255	144	  0	  0
165	255	148	  0	  0
166	255	152	  0	  0
167	255	156	  0	  0
168	255	160	  0	  0
169	255	164	  0	  0
170	255	168	  0	  0
171	255	172	  0	  0
172	255	176	  0	  0
173	255	180	  0	  0
174	255	184	  0	  0
175	255	188	  0	  0
176	255	192	  0	  0
177	255	196	  0	  0
178	255	200	  0	  0
179	255	204	  0	  0
180	255	208	  0	  0
181	255	212	  0	  0
182	255	216	  0	  0
183	255	220	  0	  0
184	255	224	  0	  0
185	255	228	  0	  0
186	255	232	  0	  0
187	255	236	  0	  0
188	255	240	  0	  0
189	255	244	  0	  0
190	255	248	  0	  0
191	255	252	  0	  0
192	255	255	  0	  0
193	255	255	  4	  0
194	255	255	  8	  0
195	255	255	 12	  0
196	255	255	 16	  0
197	255	255	 20	  0
198	255	255	 24	  0
199	255	255	 28	  0
200	255	255	 32	  0
201	255	255	 36	  0
202	255	255	 40	  0
203	255	255	 44	  0
204	255	255	 48	  0
205	255	255	 52	  0
206	255	255	 56	  0
207	255	255	 60	  0
208	255	255	 64	  0
209	255	255	 68	  0
210	255	255	 72	  0
211	255	255	 76	  0
212	255	255	 80	  0
213	255	255	 84	  0
214	255	255	 88	  0
215	255	255	 92	  0
216	255	255	 96	  0
217	255	255	100	  0
218	255	255	104	  0
219	255	255	108	  0
220	255	255	112	  0
221	255	255	116	  0
222	255	255	120	  0
223	255	255	124	  0
224	255	255	128	  0
225	255	255	132	  0
226	255	255	136	  0
227	255	255	140	  0
228	255	255	144	  0
229	255	255	148	  0
230	255	255	152	  0
231	255	255	156	  0
232	255	255	160	  0
233	255	255	164	  0
234	255	255	168	  0
235	255	255	172	  0
236	255	255	176	  0
237	255	255	180	  0
238	255	255	184	  0
239	255	255	188	  0
240	255	255	192	  0
241	255	255	196	  0
242	255	255	200	  0
243	255	255	204	  0
244	255	255	208	  0
245	255	255	212	  0
246	255	255	216	  0
247	255	255	220	  0
248	255	255	224	  0
249	255	255	228	  0
250	255	255	232	  0
251	255	255	236	  0
252	255	255	240	  0
253	255	255	244	  0
254	255	255	248	  0
255	255	255	252	  0
