SNYC 215 029-»»Ω Ù±‡¬Î2
0 1 2 3 4 5 6 7 8 9

  0	  0	  0	  0	  0
  1	  0	  0	 30	  0
  2	  0	  0	 34	  0
  3	  0	  0	 38	  0
  4	  0	  0	 43	  0
  5	  0	  0	 47	  0
  6	  0	  0	 51	  0
  7	  0	  0	 55	  0
  8	  0	  0	 60	  0
  9	  0	  0	 64	  0
 10	  0	  0	 68	  0
 11	  0	  0	 72	  0
 12	  0	  0	 77	  0
 13	  0	  0	 81	  0
 14	  0	  0	 85	  0
 15	  0	  0	 89	  0
 16	  0	  0	 94	  0
 17	  3	  0	 98	  0
 18	  6	  0	102	  0
 19	  9	  0	106	  0
 20	 12	  0	111	  0
 21	 15	  0	115	  0
 22	 18	  0	119	  0
 23	 21	  0	123	  0
 24	 24	  0	128	  0
 25	 27	  0	132	  0
 26	 30	  0	136	  0
 27	 33	  0	140	  0
 28	 36	  0	145	  0
 29	 39	  0	149	  0
 30	 42	  0	153	  0
 31	 45	  0	157	  0
 32	 48	  0	162	  0
 33	 51	  0	166	  0
 34	 54	  0	169	  0
 35	 57	  0	173	  0
 36	 60	  0	177	  0
 37	 63	  0	180	  0
 38	 66	  0	184	  0
 39	 69	  0	187	  0
 40	 72	  0	190	  0
 41	 75	  0	194	  0
 42	 78	  0	197	  0
 43	 81	  0	200	  0
 44	 84	  0	204	  0
 45	 87	  0	207	  0
 46	 90	  0	210	  0
 47	 93	  0	214	  0
 48	 96	  0	217	  0
 49	 99	  0	220	  0
 50	102	  0	223	  0
 51	105	  0	227	  0
 52	108	  0	230	  0
 53	111	  0	229	  0
 54	114	  0	228	  0
 55	117	  0	228	  0
 56	120	  0	227	  0
 57	123	  0	226	  0
 58	126	  0	226	  0
 59	129	  0	225	  0
 60	132	  0	224	  0
 61	135	  0	223	  0
 62	138	  0	219	  0
 63	141	  0	216	  0
 64	144	  0	212	  0
 65	147	  0	208	  0
 66	150	  0	205	  0
 67	153	  0	201	  0
 68	156	  0	197	  0
 69	157	  0	194	  0
 70	159	  0	190	  0
 71	160	  0	186	  0
 72	162	  0	183	  0
 73	163	  0	179	  0
 74	165	  0	175	  0
 75	166	  0	172	  0
 76	167	  0	168	  0
 77	168	  0	164	  0
 78	170	  0	161	  0
 79	171	  0	157	  0
 80	173	  0	153	  0
 81	174	  0	150	  0
 82	176	  0	146	  0
 83	177	  0	142	  0
 84	178	  0	139	  0
 85	179	  0	135	  0
 86	181	  0	131	  0
 87	182	  0	127	  0
 88	184	  0	124	  0
 89	185	  0	120	  0
 90	187	  0	116	  0
 91	188	  0	113	  0
 92	189	  0	109	  0
 93	190	  0	105	  0
 94	192	  0	102	  0
 95	193	  0	 98	  0
 96	195	  0	 94	  0
 97	196	  0	 91	  0
 98	198	  0	 87	  0
 99	199	  0	 83	  0
100	200	  0	 80	  0
101	201	  0	 77	  0
102	203	  3	 73	  0
103	204	  6	 69	  0
104	206	  8	 66	  0
105	207	 11	 62	  0
106	209	 14	 58	  0
107	210	 17	 55	  0
108	211	 19	 51	  0
109	212	 22	 47	  0
110	214	 25	 44	  0
111	215	 28	 40	  0
112	217	 30	 37	  0
113	218	 33	 34	  0
114	220	 36	 30	  0
115	221	 39	 26	  0
116	222	 41	 22	  0
117	223	 44	 18	  0
118	225	 47	 15	  0
119	226	 50	 11	  0
120	228	 52	  7	  0
121	229	 55	  4	  0
122	231	 58	  0	  0
123	232	 61	  0	  0
124	233	 63	  0	  0
125	234	 66	  0	  0
126	236	 69	  0	  0
127	237	 72	  0	  0
128	239	 74	  0	  0
129	240	 77	  0	  0
130	242	 80	  0	  0
131	243	 83	  0	  0
132	244	 85	  0	  0
133	245	 88	  0	  0
134	247	 91	  0	  0
135	248	 94	  0	  0
136	250	 96	  0	  0
137	252	 99	  0	  0
138	253	102	  0	  0
139	254	105	  0	  0
140	255	107	  0	  0
141	255	109	  0	  0
142	255	111	  0	  0
143	255	112	  0	  0
144	255	114	  0	  0
145	255	116	  0	  0
146	255	118	  0	  0
147	255	119	  0	  0
148	255	121	  0	  0
149	255	123	  0	  0
150	255	125	  0	  0
151	255	126	  0	  0
152	255	128	  0	  0
153	255	130	  0	  0
154	255	132	  0	  0
155	255	133	  0	  0
156	255	135	  0	  0
157	255	137	  0	  0
158	255	139	  0	  0
159	255	140	  0	  0
160	255	142	  0	  0
161	255	144	  0	  0
162	255	146	  0	  0
163	255	147	  0	  0
164	255	149	  0	  0
165	255	151	  0	  0
166	255	153	  0	  0
167	255	154	  0	  0
168	255	156	  0	  0
169	255	158	  0	  0
170	255	160	  0	  0
171	255	161	  0	  0
172	255	163	  0	  0
173	255	165	  0	  0
174	255	167	  0	  0
175	255	168	  0	  0
176	255	170	  0	  0
177	255	172	  0	  0
178	255	174	  0	  0
179	255	175	  0	  0
180	255	177	  0	  0
181	255	179	  0	  0
182	255	181	  0	  0
183	255	182	  0	  0
184	255	184	  0	  0
185	255	186	  0	  0
186	255	188	  0	  0
187	255	189	  0	  0
188	255	191	  0	  0
189	255	193	  0	  0
190	255	195	  0	  0
191	255	196	  0	  0
192	255	198	  0	  0
193	255	200	  0	  0
194	255	202	  0	  0
195	255	203	  0	  0
196	255	205	  0	  0
197	255	207	  0	  0
198	255	209	  0	  0
199	255	210	  0	  0
200	255	212	  0	  0
201	255	214	  0	  0
202	255	216	  0	  0
203	255	217	  0	  0
204	255	219	  0	  0
205	255	221	  0	  0
206	255	223	  0	  0
207	255	224	  0	  0
208	255	226	  0	  0
209	255	228	  0	  0
210	255	230	  0	  0
211	255	231	  0	  0
212	255	233	  0	  0
213	255	235	  0	  0
214	255	237	  0	  0
215	255	238	  6	  0
216	255	240	 13	  0
217	255	242	 19	  0
218	255	244	 26	  0
219	255	245	 32	  0
220	255	247	 39	  0
221	255	249	 45	  0
222	255	251	 52	  0
223	255	253	 58	  0
224	255	255	 65	  0
225	255	255	 71	  0
226	255	255	 78	  0
227	255	255	 84	  0
228	255	255	 90	  0
229	255	255	 96	  0
230	255	255	102	  0
231	255	255	108	  0
232	255	255	114	  0
233	255	255	120	  0
234	255	255	126	  0
235	255	255	132	  0
236	255	255	138	  0
237	255	255	144	  0
238	255	255	150	  0
239	255	255	156	  0
240	255	255	162	  0
241	255	255	168	  0
242	255	255	174	  0
243	255	255	182	  0
244	255	255	188	  0
245	255	255	194	  0
246	255	255	201	  0
247	255	255	207	  0
248	255	255	213	  0
249	255	255	219	  0
250	255	255	225	  0
251	255	255	231	  0
252	255	255	237	  0
253	255	255	243	  0
254	255	255	249	  0
255	255	255	255	  0
