SNYC 215 014-近似天气图地形(雷达?)
0 1 2 3 4 5 6 7 8 9

  0	208	241	255	  0
  1	  0	  0	  0	  0
  2	  0	  0	  0	  0
  3	  0	  0	  0	  0
  4	  0	  0	  0	  0
  5	  0	  0	  0	  0
  6	  0	  0	  0	  0
  7	  0	  0	  0	  0
  8	  0	  0	  0	  0
  9	  0	  0	  0	  0
 10	  0	  0	  0	  0
 11	  0	  0	  0	  0
 12	  0	  0	  0	  0
 13	  0	  0	  0	  0
 14	  0	  0	  0	  0
 15	  0	  0	  0	  0
 16	127	  0	  0	  0
 17	127	  0	  0	  0
 18	127	  0	  0	  0
 19	127	  0	  0	  0
 20	127	  0	  0	  0
 21	127	  0	  0	  0
 22	127	  0	  0	  0
 23	127	  0	  0	  0
 24	127	  0	  0	  0
 25	127	  0	  0	  0
 26	127	  0	  0	  0
 27	127	  0	  0	  0
 28	127	  0	  0	  0
 29	127	  0	  0	  0
 30	127	  0	  0	  0
 31	127	  0	  0	  0
 32	  0	127	  0	  0
 33	  0	127	  0	  0
 34	  0	127	  0	  0
 35	  0	127	  0	  0
 36	  0	127	  0	  0
 37	  0	127	  0	  0
 38	  0	127	  0	  0
 39	  0	127	  0	  0
 40	  0	127	  0	  0
 41	  0	127	  0	  0
 42	  0	127	  0	  0
 43	  0	127	  0	  0
 44	  0	127	  0	  0
 45	  0	127	  0	  0
 46	  0	127	  0	  0
 47	  0	127	  0	  0
 48	  0	  0	127	  0
 49	  0	  0	127	  0
 50	  0	  0	127	  0
 51	  0	  0	127	  0
 52	  0	  0	127	  0
 53	  0	  0	127	  0
 54	  0	  0	127	  0
 55	  0	  0	127	  0
 56	  0	  0	127	  0
 57	  0	  0	127	  0
 58	  0	  0	127	  0
 59	  0	  0	127	  0
 60	  0	  0	127	  0
 61	  0	  0	127	  0
 62	  0	  0	127	  0
 63	  0	  0	127	  0
 64	127	127	  0	  0
 65	127	127	  0	  0
 66	127	127	  0	  0
 67	127	127	  0	  0
 68	127	127	  0	  0
 69	127	127	  0	  0
 70	127	127	  0	  0
 71	127	127	  0	  0
 72	127	127	  0	  0
 73	127	127	  0	  0
 74	127	127	  0	  0
 75	127	127	  0	  0
 76	127	127	  0	  0
 77	127	127	  0	  0
 78	127	127	  0	  0
 79	127	127	  0	  0
 80	127	  0	127	  0
 81	127	  0	127	  0
 82	127	  0	127	  0
 83	127	  0	127	  0
 84	127	  0	127	  0
 85	127	  0	127	  0
 86	127	  0	127	  0
 87	127	  0	127	  0
 88	127	  0	127	  0
 89	127	  0	127	  0
 90	127	  0	127	  0
 91	127	  0	127	  0
 92	127	  0	127	  0
 93	127	  0	127	  0
 94	127	  0	127	  0
 95	127	  0	127	  0
 96	  0	127	127	  0
 97	  0	127	127	  0
 98	  0	127	127	  0
 99	  0	127	127	  0
100	  0	127	127	  0
101	  0	127	127	  0
102	  0	127	127	  0
103	  0	127	127	  0
104	  0	127	127	  0
105	  0	127	127	  0
106	  0	127	127	  0
107	  0	127	127	  0
108	  0	127	127	  0
109	  0	127	127	  0
110	  0	127	127	  0
111	  0	127	127	  0
112	127	127	127	  0
113	127	127	127	  0
114	127	127	127	  0
115	127	127	127	  0
116	127	127	127	  0
117	127	127	127	  0
118	127	127	127	  0
119	127	127	127	  0
120	127	127	127	  0
121	127	127	127	  0
122	127	127	127	  0
123	127	127	127	  0
124	127	127	127	  0
125	127	127	127	  0
126	127	127	127	  0
127	127	127	127	  0
128	191	191	191	  0
129	191	191	191	  0
130	191	191	191	  0
131	191	191	191	  0
132	191	191	191	  0
133	191	191	191	  0
134	191	191	191	  0
135	191	191	191	  0
136	191	191	191	  0
137	191	191	191	  0
138	191	191	191	  0
139	191	191	191	  0
140	191	191	191	  0
141	191	191	191	  0
142	191	191	191	  0
143	191	191	191	  0
144	255	  0	  0	  0
145	255	  0	  0	  0
146	255	  0	  0	  0
147	255	  0	  0	  0
148	255	  0	  0	  0
149	255	  0	  0	  0
150	255	  0	  0	  0
151	255	  0	  0	  0
152	255	  0	  0	  0
153	255	  0	  0	  0
154	255	  0	  0	  0
155	255	  0	  0	  0
156	255	  0	  0	  0
157	255	  0	  0	  0
158	255	  0	  0	  0
159	255	  0	  0	  0
160	  0	255	  0	  0
161	  0	255	  0	  0
162	  0	255	  0	  0
163	  0	255	  0	  0
164	  0	255	  0	  0
165	  0	255	  0	  0
166	  0	255	  0	  0
167	  0	255	  0	  0
168	  0	255	  0	  0
169	  0	255	  0	  0
170	  0	255	  0	  0
171	  0	255	  0	  0
172	  0	255	  0	  0
173	  0	255	  0	  0
174	  0	255	  0	  0
175	  0	255	  0	  0
176	  0	  0	255	  0
177	  0	  0	255	  0
178	  0	  0	255	  0
179	  0	  0	255	  0
180	  0	  0	255	  0
181	  0	  0	255	  0
182	  0	  0	255	  0
183	  0	  0	255	  0
184	  0	  0	255	  0
185	  0	  0	255	  0
186	  0	  0	255	  0
187	  0	  0	255	  0
188	  0	  0	255	  0
189	  0	  0	255	  0
190	  0	  0	255	  0
191	  0	  0	255	  0
192	255	255	  0	  0
193	255	255	  0	  0
194	255	255	  0	  0
195	255	255	  0	  0
196	255	255	  0	  0
197	255	255	  0	  0
198	255	255	  0	  0
199	255	255	  0	  0
200	255	255	  0	  0
201	255	255	  0	  0
202	255	255	  0	  0
203	255	255	  0	  0
204	255	255	  0	  0
205	255	255	  0	  0
206	255	255	  0	  0
207	255	255	  0	  0
208	255	  0	255	  0
209	255	  0	255	  0
210	255	  0	255	  0
211	255	  0	255	  0
212	255	  0	255	  0
213	255	  0	255	  0
214	255	  0	255	  0
215	255	  0	255	  0
216	255	  0	255	  0
217	255	  0	255	  0
218	255	  0	255	  0
219	255	  0	255	  0
220	255	  0	255	  0
221	255	  0	255	  0
222	255	  0	255	  0
223	255	  0	255	  0
224	  0	255	255	  0
225	  0	255	255	  0
226	  0	255	255	  0
227	  0	255	255	  0
228	  0	255	255	  0
229	  0	255	255	  0
230	  0	255	255	  0
231	  0	255	255	  0
232	  0	255	255	  0
233	  0	255	255	  0
234	  0	255	255	  0
235	  0	255	255	  0
236	  0	255	255	  0
237	  0	255	255	  0
238	  0	255	255	  0
239	  0	255	255	  0
240	255	255	255	  0
241	255	255	255	  0
242	255	255	255	  0
243	255	255	255	  0
244	255	255	255	  0
245	255	255	255	  0
246	255	255	255	  0
247	255	255	255	  0
248	255	255	255	  0
249	255	255	255	  0
250	255	255	255	  0
251	255	255	255	  0
252	255	255	255	  0
253	255	255	255	  0
254	255	255	255	  0
255	255	255	255	  0
