SNYC 215 005-中规模站灰度
0 1 2 3 4 5 6 7 8 9

  0	208	241	255	  0
  1	  0	  0	  0	  0
  2	  2	  2	  2	  0
  3	  3	  3	  3	  0
  4	  4	  4	  4	  0
  5	  5	  5	  5	  0
  6	  6	  6	  6	  0
  7	  7	  7	  7	  0
  8	  8	  8	  8	  0
  9	  9	  9	  9	  0
 10	 10	 10	 10	  0
 11	 11	 11	 11	  0
 12	 12	 12	 12	  0
 13	 13	 13	 13	  0
 14	 14	 14	 14	  0
 15	 15	 15	 15	  0
 16	 16	 16	 16	  0
 17	 17	 17	 17	  0
 18	 18	 18	 18	  0
 19	 10	 10	 10	  0
 20	 11	 11	 11	  0
 21	 11	 11	 11	  0
 22	 12	 12	 12	  0
 23	 12	 12	 12	  0
 24	 13	 13	 13	  0
 25	 14	 14	 14	  0
 26	 14	 14	 14	  0
 27	 15	 15	 15	  0
 28	 16	 16	 16	  0
 29	 16	 16	 16	  0
 30	 17	 17	 17	  0
 31	 18	 18	 18	  0
 32	 18	 18	 18	  0
 33	 19	 19	 19	  0
 34	 20	 20	 20	  0
 35	 20	 20	 20	  0
 36	 21	 21	 21	  0
 37	 22	 22	 22	  0
 38	 22	 22	 22	  0
 39	 23	 23	 23	  0
 40	 24	 24	 24	  0
 41	 24	 24	 24	  0
 42	 25	 25	 25	  0
 43	 26	 26	 26	  0
 44	 26	 26	 26	  0
 45	 27	 27	 27	  0
 46	 28	 28	 28	  0
 47	 29	 29	 29	  0
 48	 29	 29	 29	  0
 49	 30	 30	 30	  0
 50	 31	 31	 31	  0
 51	 31	 31	 31	  0
 52	 32	 32	 32	  0
 53	 33	 33	 33	  0
 54	 34	 34	 34	  0
 55	 34	 34	 34	  0
 56	 35	 35	 35	  0
 57	 36	 36	 36	  0
 58	 37	 37	 37	  0
 59	 37	 37	 37	  0
 60	 38	 38	 38	  0
 61	 39	 39	 39	  0
 62	 40	 40	 40	  0
 63	 40	 40	 40	  0
 64	 41	 41	 41	  0
 65	 42	 42	 42	  0
 66	 43	 43	 43	  0
 67	 43	 43	 43	  0
 68	 44	 44	 44	  0
 69	 45	 45	 45	  0
 70	 46	 46	 46	  0
 71	 47	 47	 47	  0
 72	 47	 47	 47	  0
 73	 48	 48	 48	  0
 74	 49	 49	 49	  0
 75	 50	 50	 50	  0
 76	 51	 51	 51	  0
 77	 52	 52	 52	  0
 78	 52	 52	 52	  0
 79	 53	 53	 53	  0
 80	 54	 54	 54	  0
 81	 55	 55	 55	  0
 82	 56	 56	 56	  0
 83	 57	 57	 57	  0
 84	 57	 57	 57	  0
 85	 58	 58	 58	  0
 86	 59	 59	 59	  0
 87	 60	 60	 60	  0
 88	 61	 61	 61	  0
 89	 62	 62	 62	  0
 90	 63	 63	 63	  0
 91	 64	 64	 64	  0
 92	 64	 64	 64	  0
 93	 65	 65	 65	  0
 94	 66	 66	 66	  0
 95	 67	 67	 67	  0
 96	 68	 68	 68	  0
 97	 69	 69	 69	  0
 98	 70	 70	 70	  0
 99	 71	 71	 71	  0
100	 72	 72	 72	  0
101	 73	 73	 73	  0
102	 74	 74	 74	  0
103	 75	 75	 75	  0
104	 75	 75	 75	  0
105	 76	 76	 76	  0
106	 77	 77	 77	  0
107	 78	 78	 78	  0
108	 79	 79	 79	  0
109	 80	 80	 80	  0
110	 81	 81	 81	  0
111	 82	 82	 82	  0
112	 83	 83	 83	  0
113	 84	 84	 84	  0
114	 85	 85	 85	  0
115	 86	 86	 86	  0
116	 87	 87	 87	  0
117	 88	 88	 88	  0
118	 89	 89	 89	  0
119	 90	 90	 90	  0
120	 91	 91	 91	  0
121	 92	 92	 92	  0
122	 93	 93	 93	  0
123	 94	 94	 94	  0
124	 95	 95	 95	  0
125	 96	 96	 96	  0
126	 98	 98	 98	  0
127	 99	 99	 99	  0
128	100	100	100	  0
129	101	101	101	  0
130	102	102	102	  0
131	103	103	103	  0
132	104	104	104	  0
133	105	105	105	  0
134	106	106	106	  0
135	107	107	107	  0
136	108	108	108	  0
137	110	110	110	  0
138	111	111	111	  0
139	112	112	112	  0
140	113	113	113	  0
141	114	114	114	  0
142	115	115	115	  0
143	116	116	116	  0
144	118	118	118	  0
145	119	119	119	  0
146	120	120	120	  0
147	121	121	121	  0
148	122	122	122	  0
149	123	123	123	  0
150	125	125	125	  0
151	126	126	126	  0
152	127	127	127	  0
153	128	128	128	  0
154	130	130	130	  0
155	131	131	131	  0
156	132	132	132	  0
157	133	133	133	  0
158	134	134	134	  0
159	136	136	136	  0
160	137	137	137	  0
161	138	138	138	  0
162	140	140	140	  0
163	141	141	141	  0
164	142	142	142	  0
165	143	143	143	  0
166	145	145	145	  0
167	146	146	146	  0
168	147	147	147	  0
169	149	149	149	  0
170	150	150	150	  0
171	151	151	151	  0
172	153	153	153	  0
173	154	154	154	  0
174	155	155	155	  0
175	157	157	157	  0
176	158	158	158	  0
177	159	159	159	  0
178	161	161	161	  0
179	162	162	162	  0
180	164	164	164	  0
181	165	165	165	  0
182	166	166	166	  0
183	168	168	168	  0
184	169	169	169	  0
185	171	171	171	  0
186	172	172	172	  0
187	174	174	174	  0
188	175	175	175	  0
189	176	176	176	  0
190	178	178	178	  0
191	179	179	179	  0
192	181	181	181	  0
193	182	182	182	  0
194	184	184	184	  0
195	185	185	185	  0
196	187	187	187	  0
197	188	188	188	  0
198	190	190	190	  0
199	191	191	191	  0
200	193	193	193	  0
201	195	195	195	  0
202	196	196	196	  0
203	198	198	198	  0
204	199	199	199	  0
205	201	201	201	  0
206	202	202	202	  0
207	204	204	204	  0
208	206	206	206	  0
209	207	207	207	  0
210	209	209	209	  0
211	211	211	211	  0
212	212	212	212	  0
213	214	214	214	  0
214	215	215	215	  0
215	217	217	217	  0
216	219	219	219	  0
217	220	220	220	  0
218	222	222	222	  0
219	224	224	224	  0
220	226	226	226	  0
221	227	227	227	  0
222	229	229	229	  0
223	231	231	231	  0
224	233	233	233	  0
225	234	234	234	  0
226	236	236	236	  0
227	238	238	238	  0
228	240	240	240	  0
229	241	241	241	  0
230	243	243	243	  0
231	245	245	245	  0
232	232	232	232	  0
233	233	233	233	  0
234	234	234	234	  0
235	235	235	235	  0
236	236	236	236	  0
237	237	237	237	  0
238	238	238	238	  0
239	239	239	239	  0
240	240	240	240	  0
241	241	241	241	  0
242	242	242	242	  0
243	243	243	243	  0
244	244	244	244	  0
245	245	245	245	  0
246	246	246	246	  0
247	247	247	247	  0
248	248	248	248	  0
249	249	249	249	  0
250	250	250	250	  0
251	251	251	251	  0
252	252	252	252	  0
253	253	253	253	  0
254	254	254	254	  0
255	255	255	255	  0
