SNYC 215 016-??
0 1 2 3 4 5 6 7 8 9

  0	208	241	255	  0
  1	  0	  0	  6	  0
  2	  0	  0	 12	  0
  3	  0	  0	 18	  0
  4	  0	  0	 25	  0
  5	  0	  0	 31	  0
  6	  0	  0	 37	  0
  7	  0	  0	 44	  0
  8	  0	  0	 50	  0
  9	  0	  0	 56	  0
 10	  0	  0	 62	  0
 11	  0	  0	 68	  0
 12	  0	  0	 74	  0
 13	  0	  0	 80	  0
 14	  0	  0	 86	  0
 15	  0	  0	 92	  0
 16	  0	  0	 98	  0
 17	  0	  0	104	  0
 18	  0	  0	110	  0
 19	  0	  0	115	  0
 20	  0	  0	121	  0
 21	  0	  0	127	  0
 22	  0	  0	132	  0
 23	  0	  0	137	  0
 24	  0	  0	143	  0
 25	  0	  0	148	  0
 26	  0	  0	153	  0
 27	  0	  0	158	  0
 28	  0	  0	163	  0
 29	  0	  0	168	  0
 30	  0	  0	173	  0
 31	  0	  0	177	  0
 32	  0	  0	182	  0
 33	  0	  0	186	  0
 34	  0	  0	190	  0
 35	  0	  0	194	  0
 36	  0	  0	199	  0
 37	  0	  0	202	  0
 38	  0	  0	206	  0
 39	  0	  0	210	  0
 40	  0	  0	213	  0
 41	  0	  0	217	  0
 42	  0	  0	220	  0
 43	  0	  0	223	  0
 44	  0	  0	226	  0
 45	  0	  0	229	  0
 46	  0	  0	232	  0
 47	  0	  0	234	  0
 48	  0	  0	237	  0
 49	  0	  0	239	  0
 50	  0	  0	241	  0
 51	  0	  0	243	  0
 52	  0	  0	245	  0
 53	  0	  0	247	  0
 54	  0	  0	248	  0
 55	  0	  0	250	  0
 56	  0	  0	251	  0
 57	  0	  0	252	  0
 58	  0	  0	253	  0
 59	  0	  0	254	  0
 60	  0	  0	255	  0
 61	  0	  0	255	  0
 62	  0	  0	255	  0
 63	  0	  0	255	  0
 64	  0	  0	255	  0
 65	  0	  6	255	  0
 66	  0	 12	255	  0
 67	  0	 18	255	  0
 68	  0	 25	254	  0
 69	  0	 31	253	  0
 70	  0	 37	252	  0
 71	  0	 44	251	  0
 72	  0	 50	250	  0
 73	  0	 56	248	  0
 74	  0	 62	247	  0
 75	  0	 68	245	  0
 76	  0	 74	243	  0
 77	  0	 80	241	  0
 78	  0	 86	239	  0
 79	  0	 92	237	  0
 80	  0	 98	234	  0
 81	  0	104	232	  0
 82	  0	110	229	  0
 83	  0	115	226	  0
 84	  0	121	223	  0
 85	  0	127	220	  0
 86	  0	132	217	  0
 87	  0	137	213	  0
 88	  0	143	210	  0
 89	  0	148	206	  0
 90	  0	153	202	  0
 91	  0	158	199	  0
 92	  0	163	194	  0
 93	  0	168	190	  0
 94	  0	173	186	  0
 95	  0	177	182	  0
 96	  0	182	177	  0
 97	  0	186	173	  0
 98	  0	190	168	  0
 99	  0	194	163	  0
100	  0	199	158	  0
101	  0	202	153	  0
102	  0	206	148	  0
103	  0	210	143	  0
104	  0	213	137	  0
105	  0	217	132	  0
106	  0	220	127	  0
107	  0	223	121	  0
108	  0	226	115	  0
109	  0	229	110	  0
110	  0	232	104	  0
111	  0	234	 98	  0
112	  0	237	 92	  0
113	  0	239	 86	  0
114	  0	241	 80	  0
115	  0	243	 74	  0
116	  0	245	 68	  0
117	  0	247	 62	  0
118	  0	248	 56	  0
119	  0	250	 50	  0
120	  0	251	 44	  0
121	  0	252	 37	  0
122	  0	253	 31	  0
123	  0	254	 25	  0
124	  0	255	 18	  0
125	  0	255	 12	  0
126	  0	255	  6	  0
127	  0	255	  0	  0
128	  0	255	  0	  0
129	  3	255	  0	  0
130	  6	255	  0	  0
131	  9	255	  0	  0
132	 12	254	  0	  0
133	 15	253	  0	  0
134	 18	252	  0	  0
135	 22	251	  0	  0
136	 25	250	  0	  0
137	 28	248	  0	  0
138	 31	247	  0	  0
139	 34	245	  0	  0
140	 37	243	  0	  0
141	 40	241	  0	  0
142	 44	239	  0	  0
143	 47	237	  0	  0
144	 50	234	  0	  0
145	 53	232	  0	  0
146	 56	229	  0	  0
147	 59	226	  0	  0
148	 62	223	  0	  0
149	 65	220	  0	  0
150	 68	217	  0	  0
151	 71	213	  0	  0
152	 74	210	  0	  0
153	 77	206	  0	  0
154	 80	202	  0	  0
155	 83	199	  0	  0
156	 86	194	  0	  0
157	 89	190	  0	  0
158	 92	186	  0	  0
159	 95	182	  0	  0
160	 98	177	  0	  0
161	101	173	  0	  0
162	104	168	  0	  0
163	107	163	  0	  0
164	110	158	  0	  0
165	113	153	  0	  0
166	115	148	  0	  0
167	118	143	  0	  0
168	121	137	  0	  0
169	124	132	  0	  0
170	127	127	  0	  0
171	129	121	  0	  0
172	132	115	  0	  0
173	135	110	  0	  0
174	137	104	  0	  0
175	140	 98	  0	  0
176	143	 92	  0	  0
177	145	 86	  0	  0
178	148	 80	  0	  0
179	150	 74	  0	  0
180	153	 68	  0	  0
181	156	 62	  0	  0
182	158	 56	  0	  0
183	161	 50	  0	  0
184	163	 44	  0	  0
185	165	 37	  0	  0
186	168	 31	  0	  0
187	170	 25	  0	  0
188	173	 18	  0	  0
189	175	 12	  0	  0
190	177	  6	  0	  0
191	179	  0	  0	  0
192	182	  0	  0	  0
193	184	  0	  0	  0
194	186	  0	  0	  0
195	188	  0	  0	  0
196	190	  0	  0	  0
197	192	  0	  0	  0
198	194	  0	  0	  0
199	197	  0	  0	  0
200	199	  0	  0	  0
201	200	  0	  0	  0
202	202	  0	  0	  0
203	204	  0	  0	  0
204	206	  0	  0	  0
205	208	  0	  0	  0
206	210	  0	  0	  0
207	212	  0	  0	  0
208	213	  0	  0	  0
209	215	  0	  0	  0
210	217	  0	  0	  0
211	219	  0	  0	  0
212	220	  0	  0	  0
213	222	  0	  0	  0
214	223	  0	  0	  0
215	225	  0	  0	  0
216	226	  0	  0	  0
217	228	  0	  0	  0
218	229	  0	  0	  0
219	231	  0	  0	  0
220	232	  0	  0	  0
221	233	  0	  0	  0
222	234	  0	  0	  0
223	236	  0	  0	  0
224	237	  0	  0	  0
225	238	  0	  0	  0
226	239	  0	  0	  0
227	240	  0	  0	  0
228	241	  0	  0	  0
229	242	  0	  0	  0
230	243	  0	  0	  0
231	244	  0	  0	  0
232	245	  0	  0	  0
233	246	  0	  0	  0
234	247	  0	  0	  0
235	248	  0	  0	  0
236	248	  0	  0	  0
237	249	  0	  0	  0
238	250	  0	  0	  0
239	250	  0	  0	  0
240	251	  0	  0	  0
241	252	  0	  0	  0
242	252	  0	  0	  0
243	253	  0	  0	  0
244	253	  0	  0	  0
245	254	  0	  0	  0
246	254	  0	  0	  0
247	254	  0	  0	  0
248	255	  0	  0	  0
249	255	  0	  0	  0
250	255	  0	  0	  0
251	255	  0	  0	  0
252	255	  0	  0	  0
253	255	  0	  0	  0
254	255	  0	  0	  0
255	255	  0	  0	  0
