SNYC 215 009-¿É¼û¹âÔÆÍ¼?
0 1 2 3 4 5 6 7 8 9

  0	208	241	255	  0
  1	  0	  0	  0	  0
  2	  0	149	 49	  0
  3	  0	149	 49	  0
  4	  0	149	 49	  0
  5	  0	149	 49	  0
  6	  0	149	 49	  0
  7	  0	149	 49	  0
  8	  0	149	 49	  0
  9	  0	149	 49	  0
 10	  0	149	 49	  0
 11	  0	149	 49	  0
 12	 59	179	 99	  0
 13	 59	179	 99	  0
 14	 59	179	 99	  0
 15	 59	179	 99	  0
 16	 59	179	 99	  0
 17	 59	179	 99	  0
 18	 59	179	 99	  0
 19	 59	179	 99	  0
 20	 59	179	 99	  0
 21	 59	179	 99	  0
 22	 59	179	 99	  0
 23	 59	179	 99	  0
 24	199	199	149	  0
 25	199	199	149	  0
 26	199	199	149	  0
 27	199	199	149	  0
 28	199	199	149	  0
 29	199	199	149	  0
 30	199	199	149	  0
 31	199	199	149	  0
 32	199	199	149	  0
 33	199	199	149	  0
 34	199	199	149	  0
 35	199	199	149	  0
 36	229	229	149	  0
 37	229	229	149	  0
 38	229	229	149	  0
 39	229	229	149	  0
 40	229	229	149	  0
 41	229	229	149	  0
 42	229	229	149	  0
 43	229	229	149	  0
 44	229	229	149	  0
 45	229	229	149	  0
 46	229	229	149	  0
 47	229	229	149	  0
 48	254	199	 99	  0
 49	254	199	 99	  0
 50	254	199	 99	  0
 51	254	199	 99	  0
 52	254	199	 99	  0
 53	254	199	 99	  0
 54	254	199	 99	  0
 55	254	199	 99	  0
 56	254	199	 99	  0
 57	254	199	 99	  0
 58	254	199	 99	  0
 59	254	199	 99	  0
 60	254	199	 99	  0
 61	254	199	 99	  0
 62	254	199	 99	  0
 63	254	199	 99	  0
 64	254	199	 99	  0
 65	254	199	 99	  0
 66	254	199	 99	  0
 67	254	199	 99	  0
 68	254	199	 99	  0
 69	254	199	 99	  0
 70	254	199	 99	  0
 71	254	199	 99	  0
 72	254	159	 99	  0
 73	254	159	 99	  0
 74	254	159	 99	  0
 75	254	159	 99	  0
 76	254	159	 99	  0
 77	254	159	 99	  0
 78	254	159	 99	  0
 79	254	159	 99	  0
 80	254	159	 99	  0
 81	254	159	 99	  0
 82	254	159	 99	  0
 83	254	159	 99	  0
 84	254	159	 99	  0
 85	254	159	 99	  0
 86	254	159	 99	  0
 87	254	159	 99	  0
 88	254	159	 99	  0
 89	254	159	 99	  0
 90	254	159	 99	  0
 91	254	159	 99	  0
 92	254	159	 99	  0
 93	254	159	 99	  0
 94	254	159	 99	  0
 95	254	159	 99	  0
 96	199	159	 99	  0
 97	199	159	 99	  0
 98	199	159	 99	  0
 99	199	159	 99	  0
100	199	159	 99	  0
101	199	159	 99	  0
102	199	159	 99	  0
103	199	159	 99	  0
104	199	159	 99	  0
105	199	159	 99	  0
106	199	159	 99	  0
107	199	159	 99	  0
108	199	159	 99	  0
109	199	159	 99	  0
110	199	159	 99	  0
111	199	159	 99	  0
112	199	159	 99	  0
113	199	159	 99	  0
114	199	159	 99	  0
115	199	159	 99	  0
116	199	159	 99	  0
117	199	159	 99	  0
118	199	159	 99	  0
119	199	159	 99	  0
120	199	159	 99	  0
121	199	159	 99	  0
122	199	159	 99	  0
123	199	159	 99	  0
124	199	159	 99	  0
125	199	159	 99	  0
126	199	159	 99	  0
127	199	159	 99	  0
128	199	159	 99	  0
129	199	159	 99	  0
130	199	159	 99	  0
131	199	159	 99	  0
132	199	159	 99	  0
133	199	159	 99	  0
134	199	159	 99	  0
135	199	159	 99	  0
136	199	159	 99	  0
137	199	159	 99	  0
138	199	159	 99	  0
139	199	159	 99	  0
140	199	159	 99	  0
141	199	159	 99	  0
142	199	159	 99	  0
143	199	159	 99	  0
144	239	239	239	  0
145	239	239	239	  0
146	239	239	239	  0
147	239	239	239	  0
148	239	239	239	  0
149	239	239	239	  0
150	239	239	239	  0
151	239	239	239	  0
152	239	239	239	  0
153	239	239	239	  0
154	239	239	239	  0
155	239	239	239	  0
156	239	239	239	  0
157	239	239	239	  0
158	239	239	239	  0
159	239	239	239	  0
160	239	239	239	  0
161	239	239	239	  0
162	239	239	239	  0
163	239	239	239	  0
164	239	239	239	  0
165	239	239	239	  0
166	239	239	239	  0
167	239	239	239	  0
168	239	239	239	  0
169	239	239	239	  0
170	239	239	239	  0
171	239	239	239	  0
172	239	239	239	  0
173	239	239	239	  0
174	239	239	239	  0
175	239	239	239	  0
176	239	239	239	  0
177	239	239	239	  0
178	239	239	239	  0
179	239	239	239	  0
180	239	239	239	  0
181	239	239	239	  0
182	239	239	239	  0
183	239	239	239	  0
184	239	239	239	  0
185	239	239	239	  0
186	239	239	239	  0
187	239	239	239	  0
188	239	239	239	  0
189	239	239	239	  0
190	239	239	239	  0
191	239	239	239	  0
192	239	239	239	  0
193	239	239	239	  0
194	239	239	239	  0
195	239	239	239	  0
196	239	239	239	  0
197	239	239	239	  0
198	239	239	239	  0
199	239	239	239	  0
200	239	239	239	  0
201	239	239	239	  0
202	239	239	239	  0
203	239	239	239	  0
204	239	239	239	  0
205	239	239	239	  0
206	239	239	239	  0
207	239	239	239	  0
208	239	239	239	  0
209	239	239	239	  0
210	239	239	239	  0
211	239	239	239	  0
212	239	239	239	  0
213	239	239	239	  0
214	239	239	239	  0
215	239	239	239	  0
216	239	239	239	  0
217	239	239	239	  0
218	239	239	239	  0
219	239	239	239	  0
220	239	239	239	  0
221	239	239	239	  0
222	239	239	239	  0
223	239	239	239	  0
224	239	239	239	  0
225	239	239	239	  0
226	239	239	239	  0
227	239	239	239	  0
228	239	239	239	  0
229	239	239	239	  0
230	239	239	239	  0
231	239	239	239	  0
232	239	239	239	  0
233	239	239	239	  0
234	239	239	239	  0
235	239	239	239	  0
236	239	239	239	  0
237	239	239	239	  0
238	239	239	239	  0
239	239	239	239	  0
240	239	239	239	  0
241	240	240	240	  0
242	241	241	241	  0
243	242	242	242	  0
244	243	243	243	  0
245	244	244	244	  0
246	245	245	245	  0
247	246	246	246	  0
248	247	247	247	  0
249	248	248	248	  0
250	249	249	249	  0
251	250	250	250	  0
252	251	251	251	  0
253	252	252	252	  0
254	253	253	253	  0
255	254	254	254	  0
