SNYC 215 015-µØÐÎ?
0 1 2 3 4 5 6 7 8 9

  0	208	241	255	  0
  1	  0	  0	  0	  0
  2	208	241	255	  0
  3	208	241	255	  0
  4	208	241	255	  0
  5	208	241	255	  0
  6	208	241	255	  0
  7	208	241	255	  0
  8	208	241	255	  0
  9	208	241	255	  0
 10	208	241	255	  0
 11	208	241	255	  0
 12	255	255	255	  0
 13	255	255	255	  0
 14	255	255	255	  0
 15	255	255	255	  0
 16	255	255	255	  0
 17	255	255	255	  0
 18	255	255	255	  0
 19	255	255	255	  0
 20	255	255	255	  0
 21	255	255	255	  0
 22	255	255	255	  0
 23	255	255	255	  0
 24	255	255	255	  0
 25	255	255	255	  0
 26	255	255	255	  0
 27	129	195	124	  0
 28	129	195	124	  0
 29	129	195	124	  0
 30	129	195	124	  0
 31	129	195	124	  0
 32	129	195	124	  0
 33	129	195	124	  0
 34	129	195	124	  0
 35	129	195	124	  0
 36	237	204	151	  0
 37	237	204	151	  0
 38	237	204	151	  0
 39	237	204	151	  0
 40	237	204	151	  0
 41	237	204	151	  0
 42	237	204	151	  0
 43	237	204	151	  0
 44	237	204	151	  0
 45	237	204	151	  0
 46	237	204	151	  0
 47	237	204	151	  0
 48	217	184	131	  0
 49	217	184	131	  0
 50	217	184	131	  0
 51	217	184	131	  0
 52	217	184	131	  0
 53	217	184	131	  0
 54	217	184	131	  0
 55	217	184	131	  0
 56	217	184	131	  0
 57	217	184	131	  0
 58	217	184	131	  0
 59	217	184	131	  0
 60	197	164	111	  0
 61	197	164	111	  0
 62	197	164	111	  0
 63	197	164	111	  0
 64	197	164	111	  0
 65	197	164	111	  0
 66	197	164	111	  0
 67	197	164	111	  0
 68	197	164	111	  0
 69	197	164	111	  0
 70	197	164	111	  0
 71	197	164	111	  0
 72	197	164	111	  0
 73	197	164	111	  0
 74	197	164	111	  0
 75	197	164	111	  0
 76	197	164	111	  0
 77	197	164	111	  0
 78	197	164	111	  0
 79	197	164	111	  0
 80	197	164	111	  0
 81	197	164	111	  0
 82	197	164	111	  0
 83	197	164	111	  0
 84	197	164	111	  0
 85	197	164	111	  0
 86	197	164	111	  0
 87	197	164	111	  0
 88	197	164	111	  0
 89	197	164	111	  0
 90	197	164	111	  0
 91	197	164	111	  0
 92	197	164	111	  0
 93	197	164	111	  0
 94	197	164	111	  0
 95	197	164	111	  0
 96	217	122	 37	  0
 97	217	122	 37	  0
 98	217	122	 37	  0
 99	217	122	 37	  0
100	217	122	 37	  0
101	217	122	 37	  0
102	217	122	 37	  0
103	217	122	 37	  0
104	217	122	 37	  0
105	217	122	 37	  0
106	217	122	 37	  0
107	217	122	 37	  0
108	217	122	 37	  0
109	217	122	 37	  0
110	217	122	 37	  0
111	217	122	 37	  0
112	217	122	 37	  0
113	217	122	 37	  0
114	217	122	 37	  0
115	217	122	 37	  0
116	217	122	 37	  0
117	217	122	 37	  0
118	217	122	 37	  0
119	217	122	 37	  0
120	197	102	 17	  0
121	197	102	 17	  0
122	197	102	 17	  0
123	197	102	 17	  0
124	197	102	 17	  0
125	197	102	 17	  0
126	197	102	 17	  0
127	197	102	 17	  0
128	197	102	 17	  0
129	197	102	 17	  0
130	197	102	 17	  0
131	197	102	 17	  0
132	197	102	 17	  0
133	197	102	 17	  0
134	197	102	 17	  0
135	197	102	 17	  0
136	197	102	 17	  0
137	197	102	 17	  0
138	197	102	 17	  0
139	197	102	 17	  0
140	197	102	 17	  0
141	197	102	 17	  0
142	197	102	 17	  0
143	197	102	 17	  0
144	195	138	 84	  0
145	195	138	 84	  0
146	195	138	 84	  0
147	195	138	 84	  0
148	195	138	 84	  0
149	195	138	 84	  0
150	195	138	 84	  0
151	195	138	 84	  0
152	195	138	 84	  0
153	195	138	 84	  0
154	195	138	 84	  0
155	195	138	 84	  0
156	195	138	 84	  0
157	195	138	 84	  0
158	195	138	 84	  0
159	195	138	 84	  0
160	195	138	 84	  0
161	195	138	 84	  0
162	195	138	 84	  0
163	195	138	 84	  0
164	195	138	 84	  0
165	195	138	 84	  0
166	195	138	 84	  0
167	195	138	 84	  0
168	195	138	 84	  0
169	195	138	 84	  0
170	195	138	 84	  0
171	195	138	 84	  0
172	195	138	 84	  0
173	195	138	 84	  0
174	195	138	 84	  0
175	195	138	 84	  0
176	195	138	 84	  0
177	195	138	 84	  0
178	195	138	 84	  0
179	195	138	 84	  0
180	195	138	 84	  0
181	195	138	 84	  0
182	195	138	 84	  0
183	195	138	 84	  0
184	195	138	 84	  0
185	195	138	 84	  0
186	195	138	 84	  0
187	195	138	 84	  0
188	195	138	 84	  0
189	195	138	 84	  0
190	195	138	 84	  0
191	195	138	 84	  0
192	195	138	 84	  0
193	195	138	 84	  0
194	195	138	 84	  0
195	195	138	 84	  0
196	195	138	 84	  0
197	195	138	 84	  0
198	195	138	 84	  0
199	195	138	 84	  0
200	195	138	 84	  0
201	195	138	 84	  0
202	195	138	 84	  0
203	195	138	 84	  0
204	195	138	 84	  0
205	195	138	 84	  0
206	195	138	 84	  0
207	195	138	 84	  0
208	195	138	 84	  0
209	195	138	 84	  0
210	195	138	 84	  0
211	195	138	 84	  0
212	195	138	 84	  0
213	195	138	 84	  0
214	195	138	 84	  0
215	195	138	 84	  0
216	195	138	 84	  0
217	195	138	 84	  0
218	195	138	 84	  0
219	195	138	 84	  0
220	195	138	 84	  0
221	195	138	 84	  0
222	195	138	 84	  0
223	195	138	 84	  0
224	195	138	 84	  0
225	195	138	 84	  0
226	195	138	 84	  0
227	195	138	 84	  0
228	195	138	 84	  0
229	195	138	 84	  0
230	195	138	 84	  0
231	195	138	 84	  0
232	195	138	 84	  0
233	195	138	 84	  0
234	195	138	 84	  0
235	195	138	 84	  0
236	195	138	 84	  0
237	195	138	 84	  0
238	195	138	 84	  0
239	195	138	 84	  0
239	195	138	 84	  0
239	195	138	 84	  0
239	195	138	 84	  0
239	195	138	 84	  0
239	195	138	 84	  0
239	195	138	 84	  0
239	195	138	 84	  0
239	195	138	 84	  0
239	195	138	 84	  0
239	195	138	 84	  0
239	195	138	 84	  0
239	195	138	 84	  0
239	195	138	 84	  0
239	195	138	 84	  0
239	195	138	 84	  0
239	195	138	 84	  0
