SNYC 215 004-中规模站彩色云图
0 1 2 3 4 5 6 7 8 9

  0	208	241	255	  0
  1	  0	  0	  0	  0
  2	 10	 51	 10	  0
  3	 10	 51	 10	  0
  4	 10	 51	 10	  0
  5	 10	 51	 10	  0
  6	 10	 51	 10	  0
  7	 10	 51	 10	  0
  8	 10	 51	 10	  0
  9	 10	 51	 10	  0
 10	 10	 51	 10	  0
 11	 10	 51	 10	  0
 12	 10	 51	 10	  0
 13	 10	 51	 10	  0
 14	 10	 51	 10	  0
 15	 10	 51	 10	  0
 16	 10	 51	 10	  0
 17	 10	 51	 10	  0
 18	 10	 51	 10	  0
 19	 10	 51	 10	  0
 20	 10	 51	 10	  0
 21	 10	 51	 10	  0
 22	 10	 51	 10	  0
 23	 10	 51	 10	  0
 24	 10	 10	 91	  0
 25	 10	 10	 91	  0
 26	 10	 10	 91	  0
 27	 10	 10	 91	  0
 28	 10	 10	 91	  0
 29	 10	 10	 91	  0
 30	 10	 10	 91	  0
 31	 10	 10	 91	  0
 32	 10	 10	 91	  0
 33	 10	 10	 91	  0
 34	 10	 10	 91	  0
 35	 10	 10	 91	  0
 36	 10	 10	 91	  0
 37	 10	 10	 91	  0
 38	 10	 10	 91	  0
 39	 10	 10	 91	  0
 40	 10	 10	 91	  0
 41	 10	 10	 91	  0
 42	 10	 10	 91	  0
 43	 10	 10	 91	  0
 44	 10	 10	 91	  0
 45	 10	 10	 91	  0
 46	 10	 10	 91	  0
 47	 10	 10	 91	  0
 48	 10	 10	 91	  0
 49	 10	 10	 91	  0
 50	 10	 10	 91	  0
 51	 10	 10	 91	  0
 52	 10	 10	 91	  0
 53	 10	 10	 91	  0
 54	 10	 10	 91	  0
 55	 10	 10	 91	  0
 56	 10	 10	 91	  0
 57	 10	 10	 91	  0
 58	 11	 11	 92	  0
 59	 11	 11	 92	  0
 60	 11	 11	 92	  0
 61	 11	 12	 92	  0
 62	 12	 12	 93	  0
 63	 12	 12	 93	  0
 64	 12	 13	 93	  0
 65	 13	 13	 94	  0
 66	 13	 13	 94	  0
 67	 13	 14	 94	  0
 68	 13	 14	 94	  0
 69	 14	 14	 95	  0
 70	 14	 15	 95	  0
 71	 15	 16	 96	  0
 72	 21	 24	104	  0
 73	 22	 25	104	  0
 74	 22	 25	105	  0
 75	 23	 26	106	  0
 76	 23	 27	106	  0
 77	 24	 28	107	  0
 78	 25	 28	108	  0
 79	 25	 29	108	  0
 80	 26	 30	109	  0
 81	 26	 31	110	  0
 82	 27	 31	110	  0
 83	 28	 32	111	  0
 84	 28	 33	112	  0
 85	 29	 33	112	  0
 86	 29	 34	113	  0
 87	 30	 35	114	  0
 88	 30	 36	114	  0
 89	 31	 36	115	  0
 90	 32	 37	116	  0
 91	 32	 38	116	  0
 92	 33	 39	117	  0
 93	 33	 39	118	  0
 94	 34	 40	118	  0
 95	 34	 41	119	  0
 96	 35	 41	120	  0
 97	 36	 42	120	  0
 98	 36	 43	121	  0
 99	 37	 44	122	  0
100	 37	 44	122	  0
101	 38	 45	123	  0
102	 39	 46	124	  0
103	 39	 47	124	  0
104	 40	 47	125	  0
105	 40	 48	126	  0
106	 41	 49	126	  0
107	 41	 49	127	  0
108	 42	 50	128	  0
109	 43	 51	128	  0
110	 43	 52	129	  0
111	 44	 52	130	  0
112	 44	 53	130	  0
113	 46	 55	132	  0
114	 48	 57	134	  0
115	 50	 59	136	  0
116	 52	 62	138	  0
117	 54	 65	140	  0
118	 56	 67	142	  0
119	 58	 70	144	  0
120	 60	 73	146	  0
121	 63	 75	148	  0
122	 65	 78	150	  0
123	 67	 81	153	  0
124	 69	 83	155	  0
125	 71	 86	157	  0
126	 73	 89	159	  0
127	 76	 91	161	  0
128	 78	 94	163	  0
129	 80	 97	165	  0
130	 82	 99	167	  0
131	 84	102	170	  0
132	 86	105	172	  0
133	 89	107	174	  0
134	 92	 94	155	  0
135	 93	 96	156	  0
136	 95	 98	157	  0
137	 97	101	159	  0
138	 98	103	160	  0
139	100	106	162	  0
140	102	108	163	  0
141	104	110	164	  0
142	105	113	166	  0
143	107	115	167	  0
144	109	118	169	  0
145	111	120	170	  0
146	112	123	172	  0
147	114	125	173	  0
148	116	127	174	  0
149	118	130	176	  0
150	119	132	177	  0
151	121	135	179	  0
152	123	137	180	  0
153	125	139	181	  0
154	126	142	183	  0
155	128	144	184	  0
156	130	147	186	  0
157	132	149	187	  0
158	133	152	189	  0
159	135	154	190	  0
160	137	156	191	  0
161	138	159	193	  0
162	140	161	194	  0
163	142	164	196	  0
164	144	166	197	  0
165	145	169	199	  0
166	147	171	200	  0
167	149	173	201	  0
168	151	176	203	  0
169	152	178	204	  0
170	154	181	206	  0
171	156	183	207	  0
172	158	185	208	  0
173	159	188	210	  0
174	161	190	211	  0
175	163	193	213	  0
176	165	195	214	  0
177	166	198	216	  0
178	168	200	217	  0
179	170	202	218	  0
180	172	205	220	  0
181	173	207	221	  0
182	175	210	223	  0
183	179	215	226	  0
184	213	214	214	  0
185	215	216	216	  0
186	217	218	218	  0
187	220	221	221	  0
188	222	223	223	  0
189	225	225	225	  0
190	227	228	228	  0
191	230	230	230	  0
192	232	233	233	  0
193	235	235	235	  0
194	237	237	237	  0
195	240	240	240	  0
196	245	245	245	  0
197	245	192	194	  0
198	244	187	192	  0
199	243	182	190	  0
200	242	177	188	  0
201	242	172	187	  0
202	241	167	185	  0
203	240	162	183	  0
204	239	157	181	  0
205	239	152	180	  0
206	238	147	178	  0
207	237	138	175	  0
208	233	147	243	  0
209	231	140	238	  0
210	229	134	233	  0
211	228	128	228	  0
212	226	122	223	  0
213	224	115	218	  0
214	223	109	213	  0
215	220	 97	204	  0
216	237	 99	 82	  0
217	239	118	 94	  0
218	241	138	106	  0
219	245	178	131	  0
220	207	 47	 81	  0
221	216	 62	103	  0
222	226	 77	125	  0
223	245	107	169	  0
224	245	233	214	  0
225	245	230	200	  0
226	245	224	173	  0
227	163	 86	 51	  0
228	171	 78	 46	  0
229	179	 70	 42	  0
230	187	 63	 38	  0
231	195	 55	 34	  0
232	203	 48	 30	  0
233	212	 40	 26	  0
234	220	 32	 22	  0
235	228	 25	 18	  0
236	245	 10	 10	  0
237	  0	  0	  0	  0
238	  0	  0	  0	  0
239	  0	  0	  0	  0
240	  0	  0	  0	  0
241	  0	  0	  0	  0
242	  0	  0	  0	  0
243	  0	  0	  0	  0
244	  0	  0	  0	  0
245	  0	  0	  0	  0
246	  0	  0	  0	  0
247	  0	  0	  0	  0
248	  0	  0	  0	  0
249	  0	  0	  0	  0
250	  0	  0	  0	  0
251	  0	  0	  0	  0
252	  0	  0	  0	  0
253	  0	  0	  0	  0
254	  0	  0	  0	  0
255	  0	  0	  0	  0
