SNYC 255 颜色表文件_00
0 1 2 3 4 5 6 7 8 9

  0	  0	  0	  0	;系统背景色
  1	255	255	255	;系统前景色

256	0	0	255
257	0	0	255
258	0	0	255
259	0	0	255

260	0	0	255	;河流颜色
261	0	0	255	;长江颜色
262	0	0	255	;黄河颜色

272	192	192	192
274	192	192	192
275	0	64	0
278	0	128	0	;经纬度颜色
279	192	192	192	;边界线颜色

280	255	0	0
281	0	255	0
282	0	0	255
283	255	255	0
284	255	0	255
285	0	255	255
286	255	130	20
287	192	192	0
288	0	192	192
289	128	0	128

291	0	0	255
292	0	255	0
294	255	0	0

300	192	0	0
301	0	0	255
302	0	192	0
303	255	0	255
304	178	88	158
305	178	88	158
306	178	88	158
307	178	88	158
308	178	88	158
309	178	88	158

310	178	88	158
311	178	88	158
312	178	88	158
313	178	88	158
314	178	88	158
315	178	88	158
316	178	88	158
317	178	88	158
318	178	88	158
319	178	88	158

320	178	88	158

330	178	88	158
331	178	88	158
332	178	88	158
333	178	88	158
334	178	88	158
335	178	88	158
336	178	88	158
337	178	88	158
338	178	88	158
339	178	88	158

340	178	88	158
341	178	88	158
342	178	88	158
343	178	88	158
344	178	88	158
345	178	88	158
346	178	88	158
347	178	88	158
348	178	88	158
349	178	88	158

350	178	88	158
351	178	88	158

380	255	0	0
381	178	88	158
382	178	88	158
383	178	88	158

390	0	0	0
391	192	192	0

;400 - 405 地图行政区颜色(6种颜色)
400	238	239	193	;浅黄
401	251	219	238	;红
402	210	210	120	;黄绿
403	211	206	239	;紫
404	207	239	173	;绿
405	203	238	238	;青

;550 - 599 自定义颜色
550	96	96	198

597	255	0	0
598	0	255	0
599	0	0	255
