SNYC 103 河南省站点信息-119
2010 10 10 1 1 1
08 999 0
0
119 0 0

53889  113.810   36.060    307.0     0    林州
53898  114.370   36.120     76.0     0    安阳
53972  112.910   35.110    120.0     0    沁阳
53974  114.180   35.610     73.0     0    淇县
53978  112.630   35.080    141.0     0    济源
53979  113.050   35.180    130.0     0    博爱
53982  113.260   35.230    113.0     0    焦作
53983  114.410   35.030     71.0     0    封丘
53984  113.410   35.230     85.0     0    修武
53985  113.810   35.450     98.0     0    辉县
53986  113.880   35.310     73.0     0    新乡
53987  113.400   35.090     96.0     0    武陟
53988  113.660   35.260     78.0     0    获嘉
53989  113.950   35.050     77.0     0    原阳
53990  114.160   35.900    176.0     0    鹤壁
53991  114.350   35.930     75.0     0    汤阴
53992  114.550   35.680     63.0     0    浚县
53993  114.910   35.930     52.0     0    内黄
53994  114.060   35.380     71.0     0    卫辉
53995  114.500   35.580     65.0     0    滑县
53997  114.180   35.150     72.0     0    延津
53998  114.650   35.200     61.0     0    长垣
54817  115.860   35.980     43.0     0    台前
54900  115.010   35.700     52.0     0    濮阳
54901  115.180   36.060     48.0     0    南乐
54902  115.110   35.900     50.0     0    清丰
54903  115.480   35.910     49.0     0    范县
57051  111.200   34.800    410.0     0    三门峡
57056  110.850   34.530    473.0     0    灵宝
57063  111.760   34.760    520.0     0    渑池
57065  112.180   34.500    196.0     0    宜阳
57066  111.660   34.380    328.0     0    洛宁
57067  111.030   34.050    570.0     0    卢氏
57070  112.150   34.710    258.0     0    新安
57071  112.430   34.830    325.0     0    孟津
57072  112.780   34.910    117.0     0    孟州
57074  112.410   34.410    197.0     0    伊川
57075  112.830   34.180    213.0     0    汝州
57076  112.810   34.710    117.0     0    偃师
57077  111.600   33.780    750.0     0    栾川
57078  112.460   34.150    306.0     0    汝阳
57079  113.080   34.950    108.0     0    温县
57080  112.960   34.730    165.0     0    巩义
57081  113.430   34.800    141.0     0    荥阳
57082  113.030   34.450    372.0     0    登封
57083  113.650   34.720    111.0     0    郑州
57085  113.360   34.510    289.0     0    新密
57086  113.730   34.400    111.0     0    新郑
57087  113.800   34.200     89.0     0    长葛
57088  113.500   34.150    117.0     0    禹州
57089  113.850   34.010     67.0     0    许昌
57090  114.010   34.710     82.0     0    中牟
57091  114.380   34.760     73.0     0    开封
57093  114.810   34.840     72.0     0    兰考
57094  114.200   34.400     67.0     0    尉氏
57095  114.200   34.080     60.0     0    鄢陵
57096  114.780   34.530     60.0     0    杞县
57098  114.400   34.080     58.0     0    扶沟
57099  114.850   34.060     53.0     0    太康
57156  111.500   33.300    250.0     0    西峡
57162  112.080   34.150    327.0     0    嵩县
57169  111.860   33.050    159.0     0    内乡
57171  113.280   33.710     86.0     0    平顶山
57173  112.880   33.750    146.0     0    鲁山
57175  112.230   33.050    191.0     0    镇平
57176  112.430   33.480    198.0     0    南召
57177  113.530   33.330     91.0     0    舞钢
57178  112.580   33.030    131.0     0    南阳
57179  113.000   33.280    160.0     0    方城
57180  113.200   33.980    119.0     0    郏县
57181  113.050   33.880    136.0     0    宝丰
57182  113.500   33.850     81.0     0    襄城
57183  113.910   33.800     61.0     0    临颖
57184  113.650   33.590     87.0     0    叶县
57185  113.580   33.450     91.0     0    舞阳
57186  114.000   33.580     61.0     0    漯河
57187  112.930   33.060    123.0     0    社旗
57188  114.330   33.380     60.0     0    西平
57189  114.000   33.150     64.0     0    遂平
57190  114.400   33.750     52.0     0    泛区
57191  114.480   34.480     64.0     0    通许
57192  114.850   33.730     46.0     0    淮阳
57193  114.520   33.780     53.0     0    西华
57194  114.260   33.280     60.0     0    上蔡
57195  114.610   33.610     48.0     0    周口
57196  114.880   33.450     44.0     0    项城
57197  114.330   33.000     49.0     0    汝南
57198  114.610   33.550     47.0     0    商水
57261  111.500   33.130    196.0     0    淅川
57271  112.380   32.550     89.0     0    新野
57273  112.850   32.680    110.0     0    唐河
57274  112.080   32.700    112.0     0    邓州
57281  113.300   32.700    142.0     0    泌阳
57285  113.380   32.360    145.0     0    桐柏
57290  114.020   33.000     83.0     0    驻马店
57292  114.630   32.950     44.0     0    平舆
57293  114.980   32.730     38.0     0    新蔡
57294  114.030   32.800     86.0     0    确山
57295  114.350   32.610     79.0     0    正阳
57296  114.730   32.350     49.0     0    息县
57297  114.050   32.130    115.0     0    信阳
57298  114.550   32.210     55.0     0    罗山
57299  114.900   32.010     51.0     0    光山
57396  114.950   31.630    129.0     0    新县
58001  115.100   34.430     57.0     0    睢县
58004  115.150   34.650     61.0     0    民权
58005  115.660   34.450     50.0     0    商丘
58006  115.880   34.380     47.0     0    虞城
58007  115.300   34.060     48.0     0    柘城
58008  115.330   34.460     55.0     0    宁陵
58017  116.133   34.250     52.0     0    夏邑
58100  115.180   33.630     42.0     0    郸城
58101  115.480   33.880     41.0     0    鹿邑
58104  115.060   33.400     41.0     0    沈丘
58111  116.380   33.860     32.0     0    永城
58205  115.410   32.450     30.0     0    淮滨
58207  115.030   32.150     42.0     0    潢川
58208  115.670   32.170     58.0     0    固始
58301  115.380   31.800     78.0     0    商城
